133.34
133.03
133.06
133.13
132.84
132.88
132.81
132.84
132.88
132.84
132.84
132.94
132.81
132.84
132.91
133.13
133.03
133.13
133.38
133.34
133.56
133.78
133.81
134.06
134.25
134.34
134.59
134.81
134.81
135.03
135.25
135.50
135.59
135.78
136.03
136.06
136.25
136.53
136.50
136.71
136.75
137.03
137.00
136.96
137.21
137.28
137.18
137.28
137.28
137.18
137.24
137.24
137.24
137.28
137.28
137.06
137.03
136.96
136.78
136.75
136.46
136.53
136.25
136.25
136.03
135.97
135.78
135.78
135.50
135.56
135.31
135.28
135.06
135.06
134.84
134.81
134.53
134.53
134.28
134.28
134.03
134.09
133.81
133.81
133.59
133.59
133.41
133.31
133.09
133.09
132.84
132.88
132.59
132.28
132.28
132.16
132.10
131.81
131.63
131.38
131.35
131.13
130.91
130.60
130.41
130.19
129.91
129.66
129.47
129.19
128.94
128.73
128.48
128.23
127.79
127.54
127.26
126.98
126.76
126.26
125.95
125.76
125.29
125.04
124.67
124.26
124.04
123.48
123.36
122.80
122.55
122.14
121.89
121.30
120.83
120.61
120.14
119.58
119.18
118.93
118.33
117.93
117.43
116.93
116.52
116.02
115.52
114.99
114.49
114.03
113.50
113.06
112.28
111.84
111.37
110.87
110.41
109.91
109.16
108.66
108.19
107.75
106.91
106.54
106.01
105.54
105.04
104.29
103.82
103.29
102.79
102.64
102.17
101.70
101.11
100.89
100.61
100.17
99.89
99.67
99.45
99.39
99.11
99.17
99.11
99.20
99.17
99.14
99.11
99.42
99.36
99.70
99.89
99.92
100.17
100.42
100.64
100.83
101.17
101.33
101.67
101.89
102.07
102.32
102.57
102.82
103.14
103.26
103.32
103.60
103.60
103.82
103.88
103.85
103.82
103.82
103.82
103.82
103.76
103.85
103.63
103.57
103.26
103.07
103.04
102.82
102.54
102.36
102.17
101.92
101.64
101.33
101.14
100.86
100.73
100.39
100.20
99.89
99.67
99.45
99.20
98.89
98.67
98.45
98.24
98.20
98.02
97.74
97.77
97.39
97.49
97.24
97.21
96.96
97.05
97.02
96.68
96.74
96.74
96.77
96.52
96.49
96.46
96.55
96.52
96.49
96.58
96.27
96.21
96.24
96.27
96.21
96.21
96.02
96.02
96.02
96.05
95.77
95.77
95.80
95.52
95.58
95.49
95.24
95.24
94.99
95.05
94.77
94.83
94.49
94.62
94.30
94.27
94.05
93.87
93.80
93.59
93.62
93.31
93.37
93.09
92.84
92.81
92.59
92.65
92.37
92.40
92.12
91.90
91.84
91.65
91.59
91.34
91.40
91.12
91.12
90.90
90.87
90.68
90.65
90.40
90.43
90.15
90.18
89.94
89.90
89.87
89.65
89.69
89.37
89.44
89.40
89.15
89.12
89.15
88.94
88.94
88.97
88.75
88.72
88.66
88.47
88.53
88.53
88.25
88.25
88.28
88.00
88.03
87.75
87.75
87.69
87.53
87.53
87.25
87.22
87.00
87.00
86.78
86.78
86.50
86.63
86.25
86.25
86.32
86.07
86.10
85.78
85.78
85.57
85.50
85.29
85.35
85.29
85.04
85.07
84.85
84.85
84.82
84.57
84.57
84.57
84.32
84.35
84.35
84.13
84.01
84.10
83.79
83.79
83.82
83.57
83.60
83.57
83.41
83.38
83.38
83.38
83.13
83.10
83.04
82.88
82.88
82.82
82.63
82.63
82.57
82.38
82.41
82.41
82.35
82.10
82.16
82.20
82.20
81.85
81.85
81.85
81.85
81.60
81.60
81.63
81.70
81.38
81.38
81.35
81.17
81.17
81.13
81.20
80.85
80.95
80.92
80.67
80.73
80.67
80.45
80.42
80.45
80.23
80.17
80.23
79.98
79.92
79.95
79.67
79.67
79.67
79.42
79.45
79.48
79.20
79.14
79.20
78.98
79.01
78.95
78.73
78.70
78.73
78.45
78.51
78.54
78.26
78.23
78.23
77.95
77.92
77.92
77.70
77.67
77.73
77.73
77.51
77.51
77.48
77.23
77.23
77.17
77.08
76.98
76.98
76.73
76.73
76.80
76.77
76.52
76.52
76.48
76.52
76.45
76.27
76.30
76.30
76.30
76.05
76.02
76.05
75.99
76.11
76.02
75.80
75.83
75.74
75.83
75.77
75.55
75.58
75.55
75.55
75.52
75.30
75.36
75.33
75.27
75.33
75.11
75.08
75.08
75.08
74.83
74.86
74.92
74.83
74.89
74.61
74.55
74.61
74.58
74.36
74.36
74.33
74.39
74.39
74.05
74.08
74.08
74.05
74.14
74.08
73.83
73.83
73.83
73.83
73.86
73.83
73.64
73.58
73.61
73.61
73.61
73.30
73.33
73.33
73.36
73.33
73.08
73.11
73.15
73.18
73.11
72.86
72.93
72.86
72.93
72.93
72.62
72.65
72.62
72.65
72.43
72.37
72.37
72.43
72.37
72.18
72.12
72.12
72.18
72.18
72.05
71.87
71.87
71.90
71.87
71.93
71.96
71.68
71.62
71.65
71.65
71.68
71.65
71.43
71.43
71.37
71.40
71.43
71.40
71.43
71.12
71.09
71.18
71.24
71.18
71.21
70.90
70.87
70.99
70.96
71.02
70.74
70.68
70.65
70.68
70.62
70.74
70.71
70.43
70.43
70.46
70.46
70.40
70.43
70.43
70.46
70.37
70.18
70.18
70.15
70.24
70.21
70.12
70.21
70.18
70.18
70.18
69.93
69.93
69.96
69.96
69.93
69.93
69.93
69.93
69.90
69.93
69.93
69.68
69.78
69.68
69.71
69.65
69.71
69.68
69.68
69.71
69.68
69.68
69.74
69.46
69.43
69.40
69.43
69.46
69.49
69.37
69.43
69.46
69.24
69.15
69.24
69.15
69.24
69.03
69.03
68.96
68.71
68.68
68.68
68.78
68.43
68.43
68.50
68.21
68.21
68.21
68.03
67.93
67.75
67.72
67.75
67.50
67.50
67.47
67.25
67.28
67.28
66.97
66.97
67.06
66.75
66.72
66.81
66.75
66.81
66.81
66.56
66.56
66.53
66.50
66.53
66.44
66.50
66.53
66.56
66.53
66.53
66.53
66.50
66.56
66.47
66.53
66.53
66.50
66.53
66.59
66.47
66.50
66.53
66.53
66.53
66.56
66.56
66.56
66.59
66.56
66.53
66.56
66.50
66.56
66.50
66.50
66.59
66.28
66.28
66.28
66.28
66.31
66.00
66.00
66.00
66.00
65.78
65.81
65.81
65.53
65.53
65.38
65.22
65.06
65.09
65.03
64.78
64.78
64.56
64.59
64.28
64.31
64.06
64.06
64.10
63.85
63.78
63.60
63.53
63.63
63.57
63.38
63.38
63.41
63.35
63.41
63.35
63.38
63.32
63.41
63.44
63.38
63.32
63.41
63.35
63.63
63.53
63.60
63.63
63.88
63.81
63.81
63.85
64.06
64.06
64.35
64.35
64.28
64.59
64.63
64.84
64.84
65.13
65.31
65.25
65.59
65.78
66.03
66.25
66.50
66.78
67.28
67.78
68.21
68.75
69.24
69.99
70.68
71.65
72.37
73.36
74.58
75.74
76.98
78.23
79.79
81.17
82.60
84.32
85.78
87.47
89.19
91.18
92.84
94.46
96.55
98.24
100.11
101.82
103.57
105.29
106.91
108.66
110.16
111.56
113.12
114.25
115.52
116.74
117.99
118.90
119.71
120.67
121.14
121.83
122.33
122.80
123.08
123.30
123.36
123.58
123.51
123.30
123.30
123.11
122.83
122.58
122.30
122.14
121.61
121.36
120.89
120.64
120.36
119.89
119.68
119.43
119.18
118.93
118.71
118.65
118.40
118.46
118.43
118.36
118.77
118.74
118.90
119.21
119.64
119.89
120.21
120.64
121.17
121.58
122.11
122.58
123.33
123.79
124.29
125.01
125.57
126.26
126.73
127.57
128.04
128.44
129.22
129.66
130.16
130.66
131.16
131.69
132.10
132.35
132.63
133.13
133.41
133.59
133.78
133.87
134.12
134.09
134.28
134.34
134.34
134.31
134.34
134.34
134.28
134.25
134.31
134.09
134.09
133.81
133.84
133.84
133.59
133.62
133.38
133.31
133.34
133.09
133.16
133.09
133.16
133.09
132.81
132.84
132.91
133.16
133.13
133.16
133.16
133.06
133.31
133.38
133.53
133.59
133.81
133.78
134.09
134.09
134.31
134.34
134.62
134.81
134.81
135.09
135.31
135.28
135.59
135.56
135.81
135.93
136.06
136.03
136.18
136.25
136.50
136.50
136.50
136.75
136.75
136.81
136.71
136.75
136.78
136.81
136.81
136.75
136.81
136.71
136.53
136.53
136.53
136.53
136.28
136.25
136.28
136.09
136.09
136.00
135.78
135.78
135.78
135.56
135.53
135.37
135.28
135.03
135.09
134.75
134.84
134.59
134.62
134.28
134.28
134.09
134.06
133.87
133.62
133.56
133.41
133.41
133.16
133.06
132.91
132.63
132.63
132.38
132.16
132.00
131.88
131.63
131.35
131.38
131.16
130.85
130.69
130.38
130.16
129.88
129.91
129.72
129.51
129.19
128.94
128.66
128.23
127.95
127.76
127.41
127.26
127.01
126.73
126.23
125.98
125.76
125.29
125.01
124.76
124.29
124.08
123.79
123.33
123.05
122.55
122.27
121.83
121.39
121.11
120.58
120.08
119.68
119.08
118.90
118.49
117.93
117.46
116.96
116.46
115.96
115.49
114.96
114.46
114.03
113.53
113.00
112.56
111.87
111.37
110.78
110.34
109.91
109.10
108.63
108.22
107.72
107.16
106.51
105.98
105.54
105.01
104.51
104.10
103.57
103.10
102.61
102.07
101.61
101.11
100.86
100.39
100.11
99.89
99.55
99.42
99.17
99.17
98.95
98.92
98.89
98.92
98.99
98.89
98.86
99.20
99.17
99.42
99.67
99.92
100.11
100.42
100.58
100.80
101.08
101.36
101.61
101.86
102.07
102.36
102.57
102.76
103.04
102.98
103.29
103.60
103.57
103.54
103.76
103.85
103.79
103.79
103.85
103.79
103.63
103.57
103.29
103.32
103.04
102.82
102.79
102.57
102.39
102.11
101.86
101.64
101.36
100.89
100.64
100.42
100.14
99.89
99.64
99.36
99.14
98.67
98.42
98.20
98.24
97.92
97.74
97.46
97.27
97.14
96.96
96.74
96.77
96.55
96.49
96.24
96.24
96.18
96.02
96.05
95.99
96.08
96.02
95.77
95.77
95.77
95.80
95.80
95.77
95.71
95.46
95.52
95.52
95.52
95.58
95.49
95.27
95.30
95.24
95.30
94.99
95.02
94.99
94.77
94.80
94.52
94.58
94.55
94.30
94.27
94.12
93.80
93.84
93.56
93.52
93.31
93.34
93.06
92.84
92.84
92.71
92.40
92.34
92.12
91.87
91.90
91.62
91.59
91.37
91.15
91.21
90.81
90.87
90.65
90.43
90.47
90.22
90.15
89.90
89.90
89.97
89.69
89.65
89.37
89.50
89.15
89.15
89.19
88.97
88.97
89.00
88.69
88.72
88.69
88.56
88.50
88.47
88.25
88.25
88.22
88.00
87.97
87.94
87.72
87.75
87.66
87.47
87.50
87.22
87.25
87.28
86.97
86.97
86.97
86.75
86.78
86.60
86.53
86.22
86.28
86.35
86.00
86.03
85.72
85.72
85.78
85.53
85.53
85.32
85.35
85.07
85.00
85.07
84.82
84.82
84.54
84.66
84.35
84.29
84.35
84.16
84.10
83.97
83.82
83.82
83.60
83.60
83.60
83.35
83.35
83.48
83.07
83.07
83.10
83.07
82.88
82.91
82.88
82.60
82.70
82.66
82.60
82.38
82.35
82.41
82.16
82.20
82.23
82.13
81.95
81.91
81.85
81.60
81.63
81.60
81.38
81.42
81.42
81.42
81.20
81.13
81.13
80.95
80.89
80.92
80.67
80.70
80.70
80.48
80.48
80.48
80.39
80.26
80.20
80.23
79.89
79.89
79.95
79.98
79.67
79.67
79.70
79.42
79.48
79.39
79.42
79.14
79.20
79.23
78.98
79.04
78.95
78.95
78.73
78.70
78.73
78.51
78.51
78.20
78.17
78.17
78.01
77.95
77.95
77.73
77.73
77.70
77.48
77.48
77.33
77.23
77.23
77.05
76.98
77.02
76.73
76.80
76.77
76.52
76.48
76.58
76.30
76.24
76.30
76.30
76.02
75.99
75.99
76.11
75.86
75.77
75.77
75.77
75.52
75.49
75.58
75.61
75.58
75.33
75.27
75.30
75.27
75.05
75.02
75.02
75.11
74.86
74.86
74.83
74.83
74.80
74.58
74.61
74.64
74.61
74.61
74.30
74.30
74.33
74.30
74.30
74.05
74.11
74.08
74.05
74.05
73.83
73.77
73.80
73.80
73.80
73.80
73.64
73.64
73.61
73.61
73.55
73.55
73.33
73.36
73.27
73.30
73.33
73.33
73.08
73.11
73.11
73.11
73.11
72.80
72.83
72.86
72.86
72.65
72.62
72.62
72.68
72.33
72.40
72.40
72.37
72.33
72.18
72.15
72.12
72.12
72.05
71.83
71.90
71.83
71.87
71.65
71.68
71.65
71.65
71.65
71.37
71.34
71.40
71.40
71.37
71.21
71.15
71.18
71.24
71.18
71.15
70.90
70.93
70.87
70.87
70.90
70.68
70.68
70.71
70.68
70.62
70.68
70.43
70.40
70.37
70.46
70.40
70.46
70.18
70.15
70.15
70.12
70.15
70.09
69.90
69.93
69.93
69.90
69.90
69.93
69.68
69.65
69.65
69.65
69.68
69.68
69.40
69.40
69.43
69.37
69.46
69.43
69.18
69.21
69.18
69.21
69.21
69.24
68.96
69.00
68.96
68.96
69.03
68.96
68.96
69.00
68.96
68.96
68.75
68.75
68.75
68.71
68.71
68.71
68.65
68.75
68.75
68.71
68.78
68.75
68.65
68.68
68.71
68.75
68.71
68.75
68.75
68.65
68.50
68.53
68.46
68.50
68.43
68.46
68.53
68.21
68.25
68.25
68.18
68.28
68.03
68.00
68.00
67.81
67.68
67.75
67.47
67.50
67.50
67.31
67.28
67.31
66.94
67.00
66.78
66.81
66.75
66.53
66.56
66.59
66.28
66.25
66.03
66.06
66.03
65.75
65.78
65.75
65.75
65.56
65.53
65.56
65.56
65.31
65.28
65.31
65.31
65.31
65.31
65.34
65.13
65.16
65.03
65.09
65.13
65.06
65.06
65.06
65.09
65.09
65.06
65.13
65.09
65.09
65.28
65.38
65.31
65.31
65.34
65.34
65.38
65.41
65.25
65.31
65.34
65.28
65.38
65.25
65.28
65.34
65.38
65.41
65.28
65.13
65.03
65.03
65.09
65.06
65.06
64.88
64.91
64.94
64.81
64.53
64.63
64.50
64.38
64.25
64.38
64.00
64.10
63.88
63.81
63.88
63.57
63.63
63.35
63.41
63.10
63.13
62.88
62.91
62.82
62.63
62.66
62.38
62.35
62.38
62.07
62.13
62.13
62.10
62.10
61.88
61.88
61.88
61.88
61.88
61.88
61.85
61.88
62.19
62.07
62.13
62.16
62.10
62.41
62.35
62.41
62.60
62.60
62.63
62.94
62.82
63.13
63.13
63.16
63.44
63.38
63.60
63.63
63.78
63.85
64.16
64.41
64.63
64.78
65.06
65.31
65.59
66.03
66.31
66.84
67.22
68.03
68.71
69.46
70.15
71.18
72.12
73.08
74.39
75.55
76.73
78.26
79.70
81.13
82.85
84.57
86.28
88.03
89.65
91.37
93.37
94.99
96.96
98.70
100.39
102.32
104.04
105.57
107.25
108.69
110.13
111.59
113.06
114.21
115.28
116.43
117.46
118.21
118.86
119.71
120.33
120.83
121.17
121.36
121.58
121.80
121.86
121.86
121.86
121.61
121.36
121.17
120.92
120.67
120.36
119.89
119.68
119.21
118.86
118.36
118.18
117.93
117.46
117.27
117.24
116.93
116.65
116.68
116.46
116.43
116.71
116.68
116.96
116.93
117.24
117.49
117.96
118.21
118.58
119.18
119.68
120.14
120.61
121.17
121.61
122.33
122.83
123.26
124.01
124.54
125.29
125.73
126.26
126.98
127.45
128.01
128.41
128.94
129.41
129.69
130.19
130.38
130.66
131.13
131.44
131.69
131.66
131.81
131.81
132.16
132.19
132.06
132.10
132.10
132.13
132.10
131.85
131.85
131.88
131.66
131.72
131.32
131.38
131.16
131.16
131.22
130.94
130.94
130.60
130.66
130.60
130.57
130.66
130.66
130.69
130.69
130.66
130.60
130.60
130.94
130.91
130.85
131.16
131.16
131.35
131.38
131.63
131.85
131.85
132.16
132.28
132.56
132.56
132.88
133.09
133.09
133.38
133.34
133.59
133.78
133.78
134.00
134.16
134.03
134.34
134.28
134.34
134.37
134.53
134.56
134.50
134.47
134.53
134.59
134.31
134.28
134.34
134.31
134.31
134.03
134.03
134.00
133.78
133.84
133.81
133.62
133.62
133.34
133.31
133.22
133.09
132.84
132.81
132.88
132.63
132.59
132.38
132.31
132.10
132.10
131.91
131.78
131.66
131.69
131.66
131.35
131.38
131.16
131.13
130.91
130.91
130.60
130.66
130.38
130.41
130.16
130.19
129.94
129.66
129.72
129.44
129.32
128.97
128.73
128.66
128.44
128.19
127.91
127.73
127.51
127.20
127.04
126.73
126.48
126.23
125.85
125.54
125.32
125.01
124.48
124.29
124.08
123.54
123.30
122.83
122.58
122.08
121.80
121.39
120.92
120.61
120.11
119.68
119.43
118.93
118.40
118.18
117.68
117.21
116.74
116.24
115.77
115.52
115.03
114.53
114.03
113.65
113.03
112.62
112.12
111.59
111.16
110.59
110.16
109.63
109.06
108.66
108.00
107.47
106.97
106.44
106.01
105.29
104.79
104.32
103.82
103.32
102.61
102.14
101.58
101.11
100.64
100.17
99.67
99.14
98.67
98.20
97.99
97.46
97.24
97.05
96.80
96.52
96.27
96.02
96.08
95.96
96.02
95.99
96.08
96.02
96.33
96.24
96.52
96.74
97.02
97.24
97.49
97.74
97.96
98.42
98.77
98.92
99.17
99.80
99.89
100.11
100.33
100.70
100.92
101.14
101.33
101.61
101.64
101.92
101.89
101.95
102.07
102.11
102.14
102.17
101.95
101.89
101.89
101.61
101.64
101.39
101.14
100.92
100.64
100.67
100.45
100.11
99.89
99.39
99.11
98.89
98.67
98.45
98.20
98.02
97.83
97.42
97.14
96.96
96.71
96.52
96.30
96.24
96.08
95.77
95.77
95.49
95.27
95.27
95.33
94.99
95.02
94.80
94.77
94.77
94.83
94.83
94.55
94.52
94.58
94.58
94.55
94.58
94.52
94.55
94.62
94.52
94.37
94.30
94.34
94.34
94.27
94.30
94.09
94.05
94.12
94.09
93.84
93.80
93.84
93.59
93.59
93.27
93.31
93.09
93.06
92.84
92.90
92.59
92.62
92.40
92.37
92.09
91.90
91.84
91.62
91.71
91.40
91.12
91.09
90.93
90.65
90.62
90.40
90.37
90.22
90.15
89.94
89.69
89.65
89.37
89.44
89.22
89.22
88.97
88.94
88.72
88.72
88.72
88.47
88.44
88.28
88.28
88.22
88.00
87.97
87.69
87.75
87.72
87.44
87.44
87.47
87.25
87.16
87.19
86.97
87.03
86.97
86.75
86.78
86.75
86.53
86.44
86.53
86.28
86.25
86.00
86.00
86.03
85.75
85.78
85.78
85.50
85.50
85.22
85.25
85.32
85.04
85.07
84.79
84.85
84.82
84.57
84.54
84.57
84.29
84.35
84.16
84.10
84.10
83.79
83.85
83.82
83.57
83.51
83.57
83.38
83.32
83.35
83.10
83.07
83.07
82.85
82.82
82.85
82.60
82.60
82.60
82.41
82.38
82.35
82.07
82.10
82.10
81.85
81.85
81.85
81.60
81.60
81.63
81.38
81.38
81.38
81.07
81.10
81.10
81.17
80.95
80.92
80.89
80.60
80.64
80.70
80.45
80.35
80.39
80.45
80.20
80.17
80.17
80.17
79.89
79.89
79.86
79.70
79.64
79.70
79.42
79.42
79.42
79.14
79.17
79.23
78.95
78.92
78.95
78.95
78.73
78.73
78.67
78.45
78.48
78.45
78.17
78.20
78.14
77.98
77.98
77.92
77.73
77.67
77.70
77.48
77.48
77.48
77.23
77.23
77.27
77.23
76.98
76.98
77.05
76.73
76.77
76.83
76.48
76.58
76.48
76.30
76.27
76.27
76.05
76.05
76.05
75.99
75.80
75.77
75.77
75.55
75.58
75.55
75.55
75.24
75.33
75.30
75.08
75.17
75.05
75.08
74.86
74.80
74.86
74.83
74.80
74.61
74.58
74.61
74.61
74.58
74.33
74.36
74.33
74.27
74.33
74.11
73.99
74.11
74.08
74.11
73.83
73.80
73.83
73.83
73.83
73.86
73.55
73.58
73.61
73.61
73.61
73.36
73.33
73.33
73.36
73.33
73.33
73.15
73.15
73.08
73.11
73.15
72.90
72.86
72.90
72.99
72.86
72.86
72.65
72.62
72.58
72.65
72.65
72.40
72.37
72.40
72.37
72.12
72.08
72.15
72.12
72.15
71.87
71.90
71.87
71.93
71.83
71.68
71.65
71.65
71.65
71.65
71.68
71.43
71.43
71.46
71.40
71.40
71.37
71.18
71.18
71.18
71.12
71.18
71.21
71.24
71.18
70.96
70.90
70.96
70.90
70.96
70.93
70.93
70.99
70.71
70.68
70.71
70.68
70.71
70.71
70.65
70.68
70.71
70.74
70.71
70.68
70.40
70.40
70.49
70.46
70.43
70.37
70.46
70.46
70.43
70.46
70.43
70.46
70.43
70.43
70.24
70.18
70.24
70.18
70.18
70.15
70.18
69.90
69.90
69.90
69.99
69.93
69.74
69.74
69.74
69.46
69.40
69.43
69.18
69.15
69.24
68.96
68.93
68.81
68.78
68.75
68.53
68.50
68.43
68.25
68.21
68.21
68.09
68.00
68.00
67.78
67.75
67.75
67.75
67.53
67.53
67.53
67.47
67.50
67.25
67.25
67.31
67.28
67.28
67.25
67.28
67.28
67.31
67.31
67.31
67.34
67.22
67.28
67.25
67.28
67.28
67.34
67.34
67.31
67.31
67.25
67.25
67.31
67.28
67.28
67.25
67.28
67.31
67.31
67.03
67.03
66.97
67.00
67.03
67.06
67.06
67.06
67.03
66.81
66.75
66.81
66.75
66.53
66.56
66.59
66.50
66.28
66.31
66.28
66.03
66.06
66.03
65.78
65.84
65.56
65.53
65.59
65.31
65.31
65.09
65.03
65.06
64.84
64.84
64.56
64.63
64.63
64.35
64.31
64.31
64.35
64.06
64.06
64.13
64.03
64.10
64.06
64.06
63.88
63.78
63.88
64.06
64.13
64.10
64.03
64.03
64.06
64.03
64.28
64.28
64.35
64.31
64.31
64.56
64.56
64.59
64.84
64.84
64.78
64.81
65.09
65.03
65.34
65.34
65.56
65.53
65.78
65.81
66.06
66.28
66.50
66.81
67.28
67.53
68.00
68.50
69.00
69.68
70.12
71.12
71.87
72.86
73.86
75.08
76.08
77.23
78.70
80.14
81.63
83.04
84.54
86.32
88.00
89.65
91.37
93.09
95.05
96.71
98.45
100.17
101.89
103.51
105.29
106.94
108.44
109.91
111.37
112.78
114.09
115.24
116.21
117.37
118.18
119.11
119.86
120.58
121.11
121.61
122.05
122.30
122.55
122.48
122.80
122.76
122.55
122.55
122.36
122.02
121.86
121.61
121.36
121.11
120.61
120.36
120.11
119.64
119.36
119.14
118.86
118.61
118.40
118.15
117.93
117.93
117.96
117.68
117.74
117.93
118.02
118.18
118.40
118.68
118.86
119.14
119.64
120.08
120.36
120.80
121.36
121.83
122.52
123.08
123.54
124.04
124.79
125.26
125.79
126.20
126.95
127.51
127.98
128.41
128.91
129.41
129.76
130.10
130.38
130.66
131.10
131.35
131.60
131.53
131.81
132.10
132.10
132.06
132.31
132.28
132.31
132.35
132.10
132.06
132.13
132.16
131.88
131.88
131.60
131.60
131.60
131.35
131.35
131.13
131.19
131.16
130.91
130.82
130.91
130.91
130.88
130.91
130.91
130.85
130.91
130.85
130.91
130.91
131.13
131.16
131.16
131.41
131.32
131.57
131.57
131.88
131.91
132.13
132.10
132.41
132.53
132.59
132.81
132.88
133.16
133.06
133.38
133.31
133.28
133.56
133.62
133.87
133.84
133.78
133.81
134.06
134.09
134.09
134.03
134.03
134.06
134.06
134.06
134.06
134.03
133.87
133.84
133.84
133.84
133.66
133.59
133.56
133.56
133.41
133.34
133.09
133.16
132.84
132.88
132.84
132.53
132.56
132.41
132.38
132.13
132.19
131.91
131.88
131.66
131.41
131.44
131.19
131.19
130.94
130.91
130.63
130.66
130.41
130.41
130.16
130.10
129.97
129.72
129.72
129.47
129.44
129.19
128.97
128.66
128.66
128.48
128.16
127.98
127.76
127.73
127.48
127.23
127.04
126.79
126.51
126.29
125.79
125.48
125.29
125.11
124.79
124.29
123.98
123.76
123.54
123.11
122.80
122.36
122.14
121.61
121.39
120.89
120.39
120.11
119.74
119.14
118.86
118.46
117.96
117.43
116.93
116.52
116.21
115.77
115.31
114.78
114.25
113.84
113.43
112.75
112.34
111.84
111.41
110.87
110.22
109.72
109.16
108.72
108.19
107.69
106.94
106.47
106.07
105.54
104.85
104.38
103.82
103.42
102.67
102.14
101.67
101.17
100.64
100.17
99.70
99.20
98.74
98.42
97.99
97.71
97.49
96.96
96.99
96.71
96.52
96.46
96.30
96.30
96.36
96.52
96.46
96.77
96.71
97.05
97.30
97.49
97.74
97.99
98.24
98.45
98.92
99.17
99.39
99.89
100.05
100.33
100.67
101.08
101.45
101.67
101.92
102.14
102.11
102.36
102.70
102.64
102.67
102.85
102.85
102.82
102.82
102.82
102.64
102.67
102.61
102.36
102.14
102.14
101.89
101.64
101.36
101.11
100.89
100.67
100.45
100.20
99.89
99.70
99.45
99.20
98.99
98.64
98.42
98.20
98.20
97.96
97.77
97.42
97.24
97.24
96.99
96.77
96.77
96.52
96.49
96.24
96.27
96.27
96.02
96.02
96.02
96.02
95.86
95.74
95.80
95.77
95.83
95.77
95.52
95.49
95.49
95.49
95.49
95.55
95.33
95.30
95.30
95.24
95.24
95.05
94.99
94.99
94.74
94.80
94.55
94.52
94.58
94.27
94.27
94.12
94.12
93.80
93.56
93.52
93.31
93.31
93.06
93.06
92.84
92.62
92.62
92.40
92.34
92.15
91.90
91.81
91.65
91.56
91.37
91.15
91.09
90.87
90.87
90.68
90.65
90.37
90.43
90.15
90.15
90.18
89.90
89.94
89.65
89.75
89.62
89.40
89.44
89.15
89.15
89.22
88.97
88.91
88.97
88.72
88.69
88.47
88.50
88.41
88.19
88.25
88.19
87.97
87.97
87.97
87.69
87.72
87.50
87.44
87.44
87.28
87.22
86.97
87.03
87.00
86.78
86.78
86.50
86.44
86.53
86.28
86.25
86.03
86.10
85.75
85.78
85.75
85.47
85.47
85.22
85.32
85.04
85.07
85.00
84.82
84.79
84.57
84.57
84.54
84.26
84.35
84.10
84.10
84.07
83.82
83.79
83.79
83.57
83.54
83.57
83.35
83.35
83.32
83.32
83.13
83.07
83.07
82.91
82.82
82.85
82.66
82.57
82.66
82.66
82.41
82.35
82.41
82.35
82.13
82.10
82.07
81.88
81.85
81.85
81.91
81.60
81.57
81.60
81.42
81.35
81.38
81.17
81.17
81.20
81.13
80.95
80.95
80.95
80.64
80.67
80.67
80.70
80.48
80.48
80.45
80.10
80.14
80.20
79.92
79.95
79.98
79.89
79.70
79.67
79.76
79.42
79.48
79.42
79.17
79.17
79.26
78.98
78.92
78.89
78.73
78.67
78.76
78.48
78.51
78.45
78.20
78.23
78.20
77.95
77.98
77.98
77.76
77.67
77.76
77.73
77.48
77.48
77.48
77.23
77.23
77.23
77.23
76.98
76.98
77.02
77.02
76.80
76.73
76.80
76.80
76.52
76.58
76.52
76.55
76.33
76.33
76.27
76.27
76.24
76.05
76.02
75.99
76.05
75.74
75.80
75.77
75.74
75.80
75.58
75.55
75.49
75.58
75.30
75.33
75.30
75.33
75.27
75.08
75.02
75.11
75.08
74.89
74.80
74.83
74.74
74.80
74.58
74.61
74.58
74.61
74.58
74.58
74.30
74.36
74.33
74.36
74.30
74.05
74.08
74.08
74.11
74.02
73.80
73.83
73.83
73.83
73.83
73.58
73.58
73.58
73.61
73.64
73.55
73.46
73.33
73.36
73.36
73.36
73.11
73.11
73.11
73.18
73.05
73.18
72.90
72.83
72.86
72.93
72.86
72.80
72.68
72.68
72.65
72.68
72.68
72.65
72.40
72.33
72.37
72.37
72.43
72.37
72.08
72.24
72.12
72.15
72.15
72.15
72.18
71.87
71.93
71.93
71.87
71.96
71.87
71.87
71.93
71.68
71.65
71.68
71.68
71.71
71.59
71.68
71.65
71.62
71.65
71.37
71.40
71.40
71.43
71.43
71.34
71.43
71.43
71.43
71.40
71.40
71.43
71.37
71.43
71.43
71.43
71.24
71.24
71.15
71.12
71.21
71.21
71.15
71.18
70.99
70.87
70.93
70.93
70.90
70.96
70.68
70.74
70.68
70.68
70.68
70.43
70.43
70.40
70.21
70.15
70.18
70.15
69.93
69.93
69.90
69.74
69.71
69.71
69.43
69.46
69.24
69.18
69.31
69.00
69.00
68.93
68.75
68.75
68.71
68.75
68.50
68.50
68.46
68.43
68.21
68.28
68.21
68.21
68.21
68.18
68.21
68.25
68.21
68.25
68.21
68.21
68.21
68.18
68.15
68.25
68.25
68.18
68.25
68.25
68.25
68.25
68.15
68.25
68.25
68.25
68.25
68.21
68.21
68.21
68.21
68.31
68.21
68.15
68.00
68.00
68.00
68.06
67.78
67.72
67.72
67.75
67.40
67.47
67.50
67.31
67.25
67.03
67.03
67.09
66.75
66.84
66.44
66.53
66.47
66.31
66.28
66.06
66.03
65.81
65.81
65.78
65.53
65.56
65.31
65.31
65.31
65.38
65.03
65.03
65.03
65.13
64.88
64.84
64.88
64.84
64.78
64.81
64.81
64.84
64.84
64.91
64.78
65.13
65.03
65.09
65.00
65.06
65.38
65.28
65.28
65.62
65.47
65.56
65.78
65.81
65.78
66.03
66.09
66.19
66.22
66.31
66.50
66.75
66.78
67.03
67.28
67.28
67.50
67.68
67.87
68.53
68.65
69.24
69.68
70.21
70.96
71.43
72.33
73.11
74.05
75.11
76.24
77.27
78.73
79.92
81.38
82.88
84.57
86.00
87.72
89.47
91.09
92.99
94.80
96.77
98.42
100.36
102.11
104.01
105.76
107.47
109.10
110.63
112.31
113.75
115.28
116.49
117.71
118.93
120.11
121.24
121.80
122.58
123.26
123.76
124.29
124.76
125.11
125.29
125.26
125.51
125.48
125.26
125.29
125.01
124.73
124.51
124.29
123.76
123.51
123.33
122.76
122.55
122.05
121.86
121.61
121.39
121.17
120.86
120.61
120.58
120.33
120.42
120.36
120.39
120.61
120.89
120.86
121.14
121.61
121.83
122.36
122.61
123.05
123.54
124.04
124.79
125.32
125.82
126.54
126.98
127.73
128.16
128.94
129.44
130.19
130.66
131.16
131.60
132.19
132.59
133.19
133.56
133.81
134.31
134.56
134.87
135.06
135.28
135.56
135.50
135.84
135.72
136.06
136.03
136.03
136.00
136.03
135.81
135.75
135.68
135.56
135.56
135.47
135.28
135.28
135.03
135.09
134.81
134.84
134.75
134.50
134.50
134.56
134.53
134.40
134.34
134.28
134.56
134.56
134.53
134.59
134.87
134.78
134.78
135.06
135.00
135.28
135.53
135.59
135.75
135.97
136.25
136.21
136.50
136.78
136.81
136.93
137.28
137.53
137.49
137.78
137.78
137.99
137.99
138.18
138.21
138.43
138.40
138.46
138.68
138.71
138.68
138.68
138.71
138.71
138.68
138.68
138.74
138.49
138.43
138.43
138.46
138.21
138.21
138.15
137.96
137.99
137.78
137.74
137.71
137.53
137.49
137.46
137.21
137.28
136.96
136.96
137.03
136.81
136.71
136.75
136.50
136.40
136.50
136.31
136.21
136.28
136.03
136.00
136.03
135.75
135.75
135.56
135.50
135.28
135.28
135.03
135.06
134.84
134.81
134.53
134.56
134.25
134.06
133.78
133.75
133.56
133.38
133.13
132.84
132.63
132.38
132.16
131.88
131.66
131.41
131.19
130.88
130.44
130.13
129.97
129.44
129.22
128.69
128.44
128.19
127.73
127.48
127.01
126.70
126.29
126.04
125.54
125.04
124.73
124.29
123.98
123.54
123.11
122.83
122.30
121.89
121.39
121.11
120.55
120.08
119.68
119.21
118.68
118.18
117.71
117.24
116.74
116.24
115.71
115.28
114.74
114.31
113.78
113.34
112.56
112.06
111.66
111.12
110.63
109.94
109.38
108.94
108.44
107.75
107.22
106.69
106.23
105.60
105.04
104.54
104.01
103.60
103.07
102.82
102.32
101.86
101.64
101.14
100.89
100.64
100.42
100.14
100.11
99.92
99.89
99.95
99.86
99.89
99.92
100.14
100.11
100.36
100.36
100.67
100.80
101.11
101.33
101.67
101.82
102.14
102.36
102.89
102.92
103.29
103.54
103.79
104.07
104.26
104.51
104.57
104.79
104.98
105.01
105.07
105.26
105.23
105.32
105.26
105.20
105.07
105.04
105.04
104.76
104.57
104.54
104.29
104.07
103.85
103.54
103.29
103.07
102.85
102.54
102.39
102.11
101.86
101.61
101.14
100.83
100.64
100.42
100.14
99.83
99.70
99.36
99.14
98.89
98.67
98.67
98.45
98.27
98.14
97.92
97.96
97.74
97.74
97.71
97.46
97.49
97.46
97.46
97.27
97.21
97.30
97.21
97.24
97.18
97.24
96.93
96.96
97.02
96.96
96.89
97.02
96.96
96.71
96.71
96.74
96.71
96.52
96.52
96.49
96.24
96.27
95.99
95.93
96.08
95.77
95.77
95.49
95.30
95.24
94.99
95.12
94.77
94.77
94.55
94.27
94.27
94.09
94.09
93.80
93.52
93.62
93.27
93.06
93.09
92.84
92.77
92.59
92.40
92.34
92.12
92.18
91.90
91.84
91.62
91.62
91.40
91.37
91.15
91.09
91.15
90.90
90.84
90.59
90.72
90.68
90.40
90.40
90.43
90.15
90.15
90.22
89.97
89.90
89.94
89.65
89.62
89.69
89.69
89.40
89.40
89.44
89.22
89.19
89.15
88.97
88.97
88.72
88.72
88.75
88.47
88.53
88.50
88.25
88.19
87.97
87.94
87.72
87.75
87.72
87.50
87.47
87.22
87.22
86.94
86.94
86.97
86.78
86.78
86.47
86.50
86.28
86.28
86.28
86.03
86.07
85.78
85.78
85.72
85.44
85.47
85.29
85.29
85.29
84.97
85.07
84.82
84.82
84.85
84.63
84.57
84.57
84.54
84.35
84.32
84.35
84.10
84.10
84.04
83.82
83.85
83.85
83.79
83.57
83.57
83.57
83.57
83.35
83.35
83.32
83.13
83.07
83.10
83.13
82.85
82.88
82.82
82.63
82.54
82.57
82.70
82.35
82.38
82.35
82.13
82.13
82.16
82.10
81.88
81.91
81.91
81.57
81.60
81.70
81.35
81.38
81.38
81.13
81.17
81.07
80.92
80.92
80.92
80.76
80.73
80.67
80.73
80.39
80.45
80.51
80.17
80.17
80.20
79.95
79.95
79.95
79.73
79.70
79.42
79.42
79.48
79.14
79.26
79.29
79.17
78.98
78.95
78.95
78.67
78.76
78.76
78.48
78.51
78.54
78.45
78.17
78.23
78.26
77.95
77.98
77.95
77.98
77.70
77.73
77.76
77.51
77.55
77.48
77.48
77.27
77.23
77.23
77.30
77.05
76.95
77.02
77.02
76.77
76.77
76.73
76.86
76.73
76.58
76.58
76.48
76.52
76.55
76.27
76.27
76.33
76.30
76.24
76.05
76.05
75.99
76.05
76.02
75.99
75.77
75.83
75.80
75.74
75.77
75.55
75.55
75.49
75.55
75.30
75.30
75.33
75.36
75.33
75.11
75.02
75.08
75.05
74.89
74.83
74.83
74.80
74.61
74.52
74.58
74.67
74.61
74.33
74.36
74.36
74.30
74.36
74.33
74.33
74.05
74.05
74.08
74.08
74.02
74.08
74.05
73.86
73.83
73.83
73.80
73.83
73.74
73.80
73.86
73.55
73.58
73.64
73.61
73.61
73.36
73.36
73.43
73.33
73.36
73.08
73.15
73.11
73.11
73.15
72.93
72.83
72.90
72.86
72.93
72.86
72.58
72.62
72.65
72.62
72.58
72.62
72.65
72.58
72.62
72.62
72.62
72.62
72.65
72.65
72.65
72.65
72.62
72.68
72.65
72.62
72.65
72.55
72.58
72.65
72.65
72.62
72.40
72.40
72.37
72.43
72.40
72.37
72.37
72.21
72.12
72.15
72.08
72.12
71.93
71.93
71.93
71.90
71.62
71.68
71.68
71.37
71.40
71.37
71.40
71.24
71.18
71.18
70.99
70.93
70.96
70.68
70.68
70.65
70.49
70.43
70.49
70.15
70.15
70.18
69.87
69.87
69.93
69.71
69.71
69.71
69.46
69.40
69.40
69.46
69.43
69.15
69.28
69.24
69.18
69.24
69.24
69.21
69.00
69.00
69.00
68.87
69.00
69.03
69.00
69.21
69.21
69.24
69.18
69.24
69.18
69.15
69.21
69.24
69.24
69.15
69.24
69.18
69.15
69.28
69.24
69.24
69.24
69.21
69.21
69.24
69.21
69.00
68.90
69.06
68.75
68.68
68.75
68.46
68.56
68.53
68.25
68.21
67.97
67.97
67.75
67.75
67.47
67.47
67.25
67.25
67.03
67.00
66.97
66.87
66.81
66.50
66.56
66.59
66.22
66.25
66.31
66.03
66.00
66.03
66.09
65.78
65.81
65.81
65.84
65.81
65.75
65.81
65.75
65.87
65.78
65.78
65.78
66.00
66.00
66.00
66.03
66.28
66.25
66.28
66.56
66.56
66.53
66.75
66.81
67.03
66.97
67.28
67.31
67.53
67.50
67.68
67.97
67.97
68.25
68.50
68.75
69.03
69.24
69.65
69.96
70.49
70.96
71.43
71.90
72.58
73.40
74.08
75.14
76.11
77.08
78.29
79.45
80.92
82.16
83.54
85.29
86.81
88.47
90.18
91.90
93.84
95.46
97.46
99.17
101.14
102.82
104.73
106.54
108.16
109.85
111.59
113.31
114.78
116.18
117.74
118.90
120.17
121.17
122.08
123.08
123.79
124.51
125.35
125.79
126.26
126.51
126.79
127.01
126.98
127.01
127.01
126.76
126.67
126.48
126.26
125.82
125.54
125.32
124.98
124.51
124.36
123.76
123.45
123.30
123.08
122.76
122.58
122.30
122.23
122.11
122.11
122.08
122.08
122.39
122.30
122.58
122.76
123.11
123.26
123.79
124.14
124.51
125.04
125.51
125.98
126.48
127.29
127.73
128.16
129.04
129.47
130.16
130.66
131.16
131.91
132.38
132.88
133.34
133.84
134.09
134.62
135.09
135.25
135.56
136.03
136.21
136.50
136.53
136.78
136.75
137.03
136.93
137.00
137.24
137.28
137.24
137.00
137.09
136.96
137.00
136.71
136.75
136.78
136.56
136.53
136.25
136.28
136.06
136.03
136.03
135.78
135.78
135.75
135.78
135.75
135.68
135.78
135.81
135.72
135.78
135.75
135.84
136.00
136.06
136.25
136.28
136.46
136.56
136.75
136.96
137.03
137.24
137.49
137.53
137.71
137.96
138.02
138.24
138.49
138.40
138.71
138.99
139.02
139.18
139.21
139.43
139.43
139.43
139.62
139.71
139.68
139.65
139.65
139.68
139.90
139.93
139.93
139.65
139.68
139.68
139.71
139.71
139.68
139.65
139.49
139.52
139.43
139.40
139.21
139.24
139.21
138.96
138.96
138.90
138.74
138.71
138.43
138.46
138.49
138.15
138.21
138.02
137.96
137.71
137.71
137.49
137.49
137.24
137.24
137.03
136.96
136.78
136.78
136.50
136.25
136.25
136.03
135.81
135.53
135.56
135.28
135.03
134.78
134.56
134.28
134.34
134.09
133.78
133.59
133.28
133.06
132.88
132.35
132.10
131.85
131.66
131.38
131.13
130.66
130.41
130.19
129.66
129.44
129.16
128.66
128.41
127.91
127.66
127.29
127.04
126.42
126.29
125.76
125.29
125.04
124.48
124.26
123.79
123.39
122.80
122.48
122.08
121.55
121.11
120.89
120.36
119.86
119.39
118.93
118.43
117.90
117.49
116.99
116.43
115.99
115.24
114.81
114.21
113.87
113.28
112.47
112.06
111.62
111.12
110.34
109.88
109.44
108.66
108.19
107.72
107.22
106.44
106.01
105.54
105.04
104.54
104.07
103.60
103.10
102.61
102.07
101.86
101.61
101.08
100.86
100.61
100.64
100.39
100.45
100.17
100.05
100.14
100.36
100.42
100.39
100.64
100.80
100.83
101.14
101.29
101.61
101.89
102.11
102.54
102.82
103.04
103.26
103.57
103.76
104.35
104.51
104.79
104.98
104.98
105.23
105.51
105.54
105.79
105.82
105.79
105.98
105.94
105.79
105.69
105.79
105.76
105.57
105.20
105.26
105.01
104.76
104.51
104.32
104.04
103.85
103.54
103.35
103.07
102.85
102.36
102.14
101.82
101.64
101.42
100.95
100.61
100.42
100.17
99.92
99.64
99.39
99.23
99.14
98.99
98.70
98.67
98.45
98.17
98.27
97.99
97.96
97.96
97.71
97.71
97.71
97.74
97.77
97.49
97.42
97.42
97.46
97.46
97.46
97.42
97.46
97.24
97.21
97.21
97.18
97.21
97.18
97.02
96.99
96.89
96.77
96.74
96.80
96.55
96.46
96.30
96.27
96.21
96.02
95.77
95.77
95.49
95.52
95.30
95.27
94.96
94.80
94.74
94.58
94.34
94.30
94.09
93.80
93.87
93.59
93.40
93.37
93.09
92.84
92.84
92.62
92.62
92.34
92.43
92.15
91.84
91.90
91.59
91.59
91.34
91.34
91.40
91.15
91.15
90.87
90.93
90.96
90.65
90.65
90.65
90.37
90.40
90.40
90.18
90.12
90.22
90.00
89.84
89.90
89.94
89.65
89.69
89.59
89.47
89.40
89.44
89.19
89.12
88.97
88.94
89.03
88.72
88.66
88.47
88.47
88.44
88.28
88.22
87.94
87.97
87.75
87.69
87.50
87.44
87.22
87.22
87.03
87.00
87.03
86.72
86.72
86.50
86.50
86.32
86.28
86.03
86.03
86.10
85.75
85.78
85.53
85.50
85.50
85.29
85.29
85.00
85.00
85.00
84.75
84.79
84.72
84.60
84.60
84.60
84.32
84.35
84.41
84.13
84.10
84.10
83.82
83.85
83.88
83.85
83.57
83.60
83.66
83.57
83.35
83.32
83.35
83.10
83.13
83.10
83.07
82.88
82.91
82.88
82.85
82.70
82.60
82.63
82.38
82.32
82.41
82.41
82.23
82.16
82.16
81.85
81.88
81.85
81.67
81.60
81.60
81.42
81.45
81.38
81.38
81.17
81.10
81.17
80.92
80.85
80.92
80.70
80.64
80.64
80.45
80.51
80.45
80.23
80.17
80.17
79.98
79.95
79.98
79.67
79.73
79.70
79.48
79.48
79.48
79.20
79.23
79.20
79.26
78.95
78.98
78.89
78.73
78.73
78.70
78.51
78.48
78.45
78.48
78.20
78.23
78.23
77.95
77.98
77.98
77.95
77.73
77.73
77.67
77.48
77.48
77.51
77.45
77.27
77.23
77.27
77.20
77.05
77.05
76.98
77.02
76.77
76.73
76.83
76.55
76.48
76.58
76.42
76.27
76.27
76.30
76.27
76.05
76.05
76.02
75.99
75.80
75.77
75.77
75.77
75.58
75.55
75.52
75.52
75.55
75.33
75.30
75.33
75.33
75.08
75.11
75.05
75.08
75.08
74.77
74.86
74.86
74.80
74.80
74.55
74.58
74.64
74.58
74.58
74.36
74.27
74.33
74.33
74.24
74.08
74.11
74.08
74.11
74.11
74.11
73.80
73.80
73.86
73.80
73.86
73.61
73.55
73.61
73.58
73.55
73.61
73.33
73.33
73.36
73.33
73.33
73.15
73.11
73.11
73.15
73.11
73.21
72.90
72.80
72.90
72.83
72.90
72.68
72.62
72.65
72.65
72.65
72.65
72.37
72.43
72.33
72.37
72.37
72.15
72.15
72.12
72.18
72.15
71.80
71.90
71.87
71.87
71.93
71.65
71.62
71.68
71.68
71.68
71.43
71.40
71.43
71.46
71.43
71.46
71.37
71.12
71.24
71.15
71.05
71.18
71.12
70.90
70.84
70.99
70.90
70.93
70.93
70.93
70.71
70.71
70.68
70.68
70.68
70.68
70.71
70.71
70.71
70.62
70.62
70.43
70.46
70.46
70.40
70.43
70.49
70.40
70.40
70.46
70.49
70.43
70.49
70.43
70.43
70.43
70.46
70.43
70.43
70.40
70.09
70.18
70.15
70.15
70.12
70.12
70.15
70.21
70.12
69.93
69.90
69.93
69.90
69.93
69.71
69.68
69.65
69.43
69.40
69.37
69.15
69.24
69.21
68.96
69.00
68.65
68.78
68.71
68.43
68.46
68.18
68.25
68.25
68.03
68.00
67.97
67.75
67.72
67.65
67.47
67.47
67.50
67.25
67.28
67.25
67.25
67.06
67.03
67.06
67.03
67.00
67.00
67.03
66.81
66.84
66.78
66.81
66.81
66.75
66.81
66.81
66.84
66.81
66.81
66.78
66.72
66.78
66.84
67.06
67.06
67.03
67.00
67.00
66.97
67.00
67.12
66.97
67.06
67.03
67.06
66.97
67.09
67.09
66.75
66.81
66.78
66.75
66.84
66.53
66.56
66.59
66.53
66.28
66.31
66.28
66.00
66.03
65.81
65.78
65.75
65.56
65.56
65.31
65.28
65.09
65.09
64.88
64.84
64.84
64.53
64.59
64.31
64.28
64.31
64.13
64.13
64.03
64.13
63.81
63.85
63.88
63.78
63.85
63.88
63.78
63.88
63.85
63.81
63.88
63.78
63.88
63.91
63.78
64.10
64.03
64.03
64.06
64.31
64.25
64.28
64.66
64.53
64.56
64.88
64.81
65.06
65.06
65.28
65.28
65.47
65.56
65.81
65.94
66.25
66.53
66.75
67.03
67.47
67.75
68.31
68.84
69.24
69.93
70.68
71.43
72.37
73.11
74.33
75.33
76.55
77.70
79.23
80.70
82.16
83.82
85.25
87.03
88.97
90.65
92.59
94.34
96.24
97.96
99.92
101.82
103.57
105.26
106.91
108.72
110.34
112.15
113.62
114.96
116.18
117.65
118.68
119.89
120.89
121.61
122.61
123.11
123.76
124.29
124.54
124.98
125.04
125.29
125.29
125.32
125.29
125.01
124.79
124.48
124.26
124.04
123.54
123.33
123.11
122.55
122.33
121.86
121.64
121.33
120.86
120.61
120.61
120.36
120.11
120.17
120.14
120.14
120.17
120.14
120.36
120.61
120.80
121.11
121.61
122.08
122.36
122.76
123.36
123.98
124.48
125.07
125.82
126.26
126.98
127.76
128.23
128.94
129.44
130.13
130.66
131.41
131.85
132.35
132.81
133.38
133.81
134.03
134.56
134.81
135.06
135.25
135.56
135.78
135.78
136.03
136.03
136.03
136.03
136.00
136.06
136.03
135.78
135.81
135.81
135.62
135.50
135.31
135.06
135.03
134.81
134.81
134.59
134.53
134.31
134.28
134.06
134.03
133.84
133.87
133.81
133.81
133.84
133.81
133.81
133.81
133.87
134.03
134.06
134.28
134.28
134.59
134.50
134.78
134.81
135.03
135.34
135.47
135.84
135.78
135.97
136.25
136.50
136.75
136.75
137.09
137.24
137.49
137.49
137.71
137.99
137.99
138.21
138.27
138.46
138.46
138.46
138.40
138.40
138.43
138.43
138.43
138.46
138.46
138.43
138.27
138.21
138.18
137.96
137.99
137.68
137.71
137.53
137.49
137.24
137.21
137.06
137.00
136.78
136.53
136.50
136.18
136.25
136.03
136.03
135.84
135.78
135.47
135.59
135.28
135.31
135.09
135.03
134.84
134.84
134.81
134.53
134.56
134.34
134.28
134.09
134.09
133.91
133.81
133.59
133.69
133.28
133.03
133.06
132.88
132.59
132.28
132.10
132.13
131.91
131.63
131.41
131.16
130.88
130.66
130.41
129.97
129.69
129.38
129.19
129.01
128.44
128.16
127.76
127.45
127.26
126.76
126.48
126.07
125.79
125.29
125.04
124.51
124.04
123.76
123.33
122.86
122.61
122.11
121.55
121.14
120.58
120.08
119.64
119.18
118.90
118.36
117.68
117.24
116.74
116.21
115.71
115.24
114.74
114.28
113.78
113.06
112.62
112.09
111.62
110.81
110.34
109.91
109.44
108.63
108.16
107.72
106.97
106.44
105.98
105.44
104.76
104.26
103.79
103.29
102.85
102.32
101.92
101.61
101.14
100.64
100.42
100.14
99.95
99.67
99.36
99.14
99.17
99.17
99.11
99.17
99.14
99.17
99.39
99.42
99.73
99.95
100.14
100.42
100.64
100.89
101.11
101.45
101.61
102.14
102.39
102.61
102.79
103.04
103.32
103.57
103.79
104.13
104.38
104.51
104.51
104.82
104.79
104.79
105.04
104.98
105.07
105.04
104.79
104.79
104.79
104.57
104.26
104.26
104.07
103.73
103.54
103.32
103.04
102.89
102.61
102.32
102.04
101.92
101.67
101.29
101.08
100.89
100.64
100.36
99.89
99.70
99.64
99.39
99.11
98.92
98.61
98.39
98.49
98.17
98.20
97.96
97.96
97.71
97.74
97.67
97.46
97.49
97.46
97.49
97.21
97.24
97.18
97.24
97.21
97.21
97.21
97.27
97.02
96.96
96.96
97.02
96.93
97.05
96.80
96.77
96.74
96.55
96.49
96.43
96.27
96.30
96.02
96.02
96.02
95.71
95.77
95.52
95.58
95.27
95.05
95.02
94.80
94.71
94.52
94.52
94.30
94.09
94.09
93.87
93.59
93.52
93.27
93.06
93.09
92.81
92.84
92.62
92.34
92.37
92.09
92.15
91.84
91.96
91.62
91.62
91.40
91.40
91.18
91.18
90.84
90.84
90.90
90.65
90.68
90.47
90.37
90.37
90.22
90.15
90.22
90.18
89.97
89.94
89.97
89.65
89.72
89.65
89.40
89.47
89.40
89.19
89.19
88.94
88.97
88.94
88.69
88.72
88.47
88.44
88.47
88.25
88.25
88.03
88.00
87.97
87.75
87.75
87.47
87.50
87.25
87.25
87.22
87.03
87.00
86.75
86.75
86.50
86.56
86.56
86.25
86.28
86.00
86.07
86.03
85.78
85.78
85.53
85.53
85.57
85.25
85.25
85.00
85.00
85.04
84.85
84.79
84.82
84.57
84.57
84.35
84.26
84.35
84.07
84.13
84.10
83.85
83.82
83.79
83.60
83.54
83.57
83.35
83.35
83.29
83.07
83.13
83.04
83.10
82.85
82.85
82.85
82.66
82.60
82.60
82.41
82.35
82.32
82.38
82.16
82.10
82.10
81.82
81.82
81.85
81.88
81.67
81.60
81.60
81.38
81.42
81.35
81.35
81.10
81.23
81.17
80.92
80.85
80.85
80.67
80.70
80.70
80.67
80.39
80.45
80.35
80.17
80.10
80.17
79.92
79.89
79.92
79.67
79.67
79.67
79.48
79.48
79.39
79.23
79.23
79.17
78.98
78.95
78.89
78.67
78.70
78.79
78.42
78.45
78.29
78.20
78.23
77.92
77.98
77.95
77.76
77.70
77.70
77.48
77.48
77.48
77.48
77.27
77.20
77.20
76.98
76.98
76.98
77.02
76.80
76.77
76.77
76.83
76.55
76.45
76.61
76.55
76.45
76.24
76.30
76.27
76.30
76.30
76.05
76.02
76.05
76.02
75.99
75.99
75.83
75.77
75.74
75.83
75.83
75.52
75.52
75.58
75.55
75.49
75.27
75.30
75.33
75.30
75.08
75.05
75.05
75.05
75.11
74.80
74.83
74.83
74.77
74.58
74.58
74.58
74.61
74.61
74.30
74.30
74.33
74.36
74.36
74.08
74.05
74.05
74.05
73.93
73.83
73.83
73.86
73.80
73.58
73.61
73.61
73.61
73.68
73.58
73.33
73.40
73.36
73.36
73.36
73.05
73.11
73.15
73.15
73.08
73.15
73.15
72.86
72.90
72.83
72.86
72.90
72.86
72.86
72.55
72.68
72.62
72.68
72.62
72.65
72.68
72.40
72.37
72.33
72.37
72.46
72.43
72.40
72.15
72.18
72.15
72.12
72.18
72.12
71.90
71.96
71.87
71.90
71.93
71.62
71.62
71.68
71.62
71.62
71.62
71.43
71.40
71.37
71.37
71.43
71.40
71.21
71.21
71.18
71.15
71.18
71.12
70.90
70.96
70.96
70.90
70.90
70.96
70.93
70.65
70.74
70.77
70.71
70.71
70.46
70.40
70.43
70.43
70.46
70.43
70.49
70.15
70.12
70.18
70.21
70.18
70.15
70.15
70.24
69.93
69.96
69.93
69.93
69.96
69.93
69.90
69.96
69.96
69.93
69.93
69.93
69.96
69.87
69.93
69.93
69.90
69.96
69.71
69.74
69.68
69.71
69.71
69.65
69.68
69.43
69.40
69.46
69.56
69.18
69.24
69.21
69.18
68.96
68.96
69.00
68.75
68.78
68.75
68.50
68.50
68.53
68.21
68.25
68.25
67.97
68.00
67.97
67.84
67.75
67.75
67.53
67.50
67.56
67.50
67.28
67.28
67.28
67.31
67.03
67.00
67.09
67.09
67.06
66.81
66.78
66.81
66.81
66.84
66.78
66.87
66.78
66.78
66.75
66.81
66.81
66.81
66.75
66.84
66.81
66.78
66.78
66.84
66.78
66.81
66.87
66.81
66.81
66.81
66.81
66.78
66.78
66.87
66.81
66.75
66.78
66.78
66.81
66.78
66.53
66.53
66.50
66.56
66.50
66.19
66.31
66.28
66.00
66.06
66.00
65.81
65.81
65.84
65.56
65.53
65.34
65.34
65.28
65.09
65.06
64.88
64.81
64.81
64.63
64.53
64.63
64.35
64.38
64.35
64.03
64.22
64.00
64.10
63.75
63.85
63.81
63.85
63.81
63.81
63.81
63.91
63.78
63.91
63.81
63.88
63.88
63.85
63.81
63.85
63.85
63.88
63.85
63.81
64.06
64.03
64.03
64.10
64.28
64.31
64.38
64.28
64.56
64.56
64.81
64.84
65.06
65.06
65.31
65.31
65.59
65.78
66.00
66.25
66.56
67.06
67.25
67.75
68.25
68.68
69.40
70.18
70.93
71.87
72.86
73.86
75.05
76.30
77.51
78.92
80.45
81.88
83.57
85.22
87.03
88.72
90.47
92.34
94.05
96.02
97.71
99.64
101.61
103.26
105.01
106.72
108.38
110.25
111.69
113.31
114.49
115.93
117.18
118.36
119.39
120.33
121.36
122.08
122.61
123.30
123.79
124.01
124.23
124.48
124.73
124.79
124.76
124.51
124.54
124.26
124.08
123.79
123.45
123.08
122.80
122.30
122.11
121.83
121.39
121.14
120.55
120.36
120.05
119.83
119.64
119.68
119.68
119.33
119.36
119.61
119.71
119.83
119.83
120.21
120.61
120.89
121.42
121.61
122.11
122.58
123.11
123.51
124.26
124.73
125.23
126.01
126.54
127.23
127.79
128.41
128.94
129.66
130.16
130.66
131.13
131.66
132.13
132.59
132.84
133.31
133.59
133.75
134.31
134.31
134.59
134.84
134.78
135.00
135.03
135.06
135.12
135.00
135.03
135.03
135.06
134.78
134.78
134.56
134.56
134.28
134.28
134.06
134.12
133.84
133.59
133.59
133.59
133.31
133.34
133.09
133.13
133.09
133.09
133.13
133.09
133.06
133.13
133.06
133.16
133.38
133.34
133.28
133.59
133.78
133.81
134.09
134.06
134.31
134.59
134.56
134.84
135.03
135.34
135.28
135.53
135.78
135.78
136.00
136.18
136.25
136.50
136.53
136.87
136.78
136.78
137.03
137.03
137.03
137.06
137.28
137.31
137.21
137.24
137.28
137.06
137.06
137.06
137.03
137.00
136.81
136.75
136.75
136.78
136.46
136.50
136.28
136.28
136.25
136.00
136.06
135.78
135.50
135.56
135.28
135.34
135.09
135.12
134.84
134.59
134.50
134.34
134.31
134.12
133.78
133.75
133.59
133.62
133.34
133.34
133.19
132.84
132.88
132.66
132.59
132.35
132.13
132.16
131.85
131.63
131.66
131.38
131.19
130.91
130.91
130.66
130.41
130.22
129.91
129.69
129.44
129.16
128.94
128.76
128.51
128.26
128.04
127.79
127.23
127.01
126.73
126.29
126.04
125.85
125.29
125.07
124.51
124.29
123.79
123.58
123.14
122.61
122.33
121.83
121.36
120.86
120.61
120.11
119.64
119.21
118.65
118.24
117.74
117.24
116.68
116.24
115.81
115.31
114.74
114.28
113.84
113.34
112.81
112.06
111.59
111.06
110.59
109.85
109.41
108.94
108.44
107.72
107.22
106.76
106.04
105.54
105.01
104.26
103.82
103.39
102.82
102.36
101.95
101.45
100.86
100.39
100.17
99.73
99.45
99.14
98.95
98.70
98.49
98.45
98.24
98.24
98.27
98.24
98.27
98.49
98.45
98.77
98.95
99.20
99.45
99.70
99.95
100.20
100.42
100.61
101.14
101.39
101.64
101.95
102.39
102.57
102.85
103.04
103.39
103.54
103.60
103.76
104.07
104.04
104.04
104.29
104.29
104.32
104.26
104.35
104.29
104.07
104.07
103.85
103.82
103.57
103.60
103.32
103.04
102.79
102.85
102.57
102.39
102.11
101.92
101.67
101.33
101.08
100.89
100.64
100.36
100.17
99.95
99.92
99.64
99.39
99.11
98.89
98.95
98.67
98.49
98.45
98.17
98.20
97.96
98.02
97.74
97.71
97.74
97.49
97.46
97.49
97.24
97.24
97.14
97.24
97.27
96.99
96.99
96.96
96.93
96.93
96.77
96.71
96.68
96.74
96.43
96.49
96.46
96.24
96.24
96.24
96.02
95.96
95.71
95.77
95.49
95.49
95.30
95.24
94.96
94.77
94.80
94.55
94.52
94.30
94.02
94.09
93.80
93.87
93.59
93.37
93.31
93.06
93.06
92.81
92.56
92.62
92.40
92.34
92.12
92.12
91.93
91.81
91.59
91.65
91.37
91.37
91.37
91.12
91.09
90.93
90.87
90.84
90.65
90.68
90.40
90.43
90.43
90.18
90.15
90.15
89.94
89.94
89.62
89.69
89.65
89.47
89.40
89.15
89.19
89.22
88.91
88.91
88.72
88.69
88.72
88.44
88.50
88.19
88.22
88.22
87.97
87.94
87.72
87.72
87.47
87.50
87.47
87.22
87.22
86.97
86.94
86.72
86.75
86.53
86.53
86.56
86.25
86.25
85.97
86.03
85.72
85.75
85.78
85.50
85.57
85.25
85.22
85.07
85.04
84.79
84.79
84.60
84.57
84.60
84.32
84.35
84.32
84.32
84.10
84.04
84.01
84.01
84.10
84.10
84.10
84.07
84.04
83.72
83.82
83.85
83.57
83.54
83.35
83.35
83.35
83.07
83.10
83.04
82.85
82.85
82.79
82.82
82.57
82.60
82.60
82.35
82.35
82.35
82.13
82.13
81.85
81.85
81.85
81.67
81.60
81.63
81.45
81.32
81.35
81.10
81.13
81.17
81.20
80.92
80.85
80.95
80.64
80.67
80.70
80.42
80.42
80.39
80.20
80.17
80.20
80.23
79.92
79.98
79.92
79.64
79.67
79.70
79.64
79.48
79.42
79.48
79.20
79.17
79.23
79.01
78.98
78.98
78.70
78.76
78.67
78.51
78.51
78.51
78.45
78.29
78.26
78.23
77.98
77.98
77.95
77.98
77.70
77.70
77.73
77.45
77.51
77.55
77.55
77.20
77.23
77.30
77.02
76.98
77.05
76.95
76.83
76.83
76.77
76.52
76.52
76.55
76.52
76.52
76.30
76.33
76.33
76.30
76.05
76.02
76.02
76.05
76.05
75.77
75.80
75.83
75.70
75.83
75.80
75.55
75.55
75.58
75.52
75.55
75.55
75.33
75.33
75.36
75.27
75.30
75.27
75.08
75.05
75.05
75.14
75.05
74.86
74.86
74.83
74.80
74.83
74.64
74.61
74.58
74.61
74.55
74.39
74.39
74.36
74.33
74.11
74.08
74.05
74.05
74.02
73.83
73.86
73.86
73.83
73.83
73.58
73.61
73.58
73.61
73.61
73.36
73.36
73.36
73.40
73.36
73.33
73.11
73.15
73.15
73.11
73.15
72.96
72.90
72.90
72.86
72.86
72.86
72.58
72.62
72.65
72.68
72.65
72.68
72.65
72.40
72.40
72.37
72.37
72.46
72.40
72.15
72.12
72.21
72.12
72.15
72.15
71.90
71.90
71.90
71.87
71.87
71.93
71.96
71.68
71.68
71.65
71.65
71.65
71.68
71.68
71.40
71.43
71.43
71.37
71.37
71.40
71.40
71.40
71.15
71.18
71.15
71.18
71.21
71.15
71.15
71.21
71.15
71.27
71.18
71.18
71.21
71.18
71.24
71.18
71.18
70.90
70.93
70.90
70.93
70.96
70.93
70.93
70.99
70.96
70.90
70.93
70.68
70.62
70.74
70.77
70.71
70.46
70.46
70.43
70.40
70.12
70.09
70.12
70.15
69.93
69.87
69.90
69.68
69.68
69.46
69.46
69.43
69.21
