98.22
98.47
98.91
99.10
99.42
99.45
99.92
100.01
100.36
100.42
100.61
100.61
100.86
100.86
101.18
101.21
101.36
101.49
101.62
101.62
101.87
101.84
101.84
101.87
102.12
102.12
102.18
102.18
102.37
102.37
102.40
102.56
102.62
102.59
102.84
102.81
102.90
103.00
103.12
103.12
103.31
103.41
103.60
103.60
103.82
103.78
104.13
104.13
104.32
104.32
104.60
104.57
104.82
104.79
105.04
105.07
105.36
105.32
105.51
105.48
105.80
105.80
106.08
106.11
106.33
106.30
106.61
106.58
106.55
106.77
106.71
106.96
107.02
107.02
107.30
107.21
107.27
107.27
107.24
107.46
107.52
107.46
107.49
107.46
107.52
107.34
107.27
107.24
107.27
107.30
107.27
107.05
107.05
107.05
107.02
106.80
106.77
106.64
106.55
106.55
106.33
106.27
106.05
106.08
106.08
105.76
105.76
105.61
105.29
105.29
105.04
105.07
104.85
104.85
104.57
104.60
104.32
104.10
103.91
103.82
103.56
103.53
103.41
103.38
103.16
102.87
102.65
102.62
102.37
102.21
102.09
101.84
101.62
101.58
101.40
101.30
101.14
100.99
100.86
100.67
100.42
100.39
100.20
100.14
99.89
99.76
99.67
99.39
99.45
99.17
99.13
98.95
98.66
98.69
98.47
98.47
98.19
98.22
98.03
97.72
97.69
97.56
97.47
97.25
97.22
97.03
96.78
96.78
96.49
96.34
96.21
95.96
95.68
95.74
95.55
95.36
94.95
94.99
94.77
94.45
94.23
94.11
93.70
93.51
93.26
93.32
92.82
92.79
92.35
92.16
91.78
91.65
91.31
90.96
90.59
90.62
90.08
89.74
89.36
88.95
88.64
88.23
87.91
87.60
87.19
86.78
86.34
85.97
85.68
85.31
84.90
84.71
84.24
83.80
83.58
83.11
82.70
82.32
81.97
81.75
81.25
81.06
80.56
80.37
80.06
79.90
79.49
79.18
79.08
78.96
78.86
78.52
78.30
78.30
78.08
78.05
78.05
78.05
77.83
77.83
77.80
77.83
77.80
77.76
78.08
78.14
78.02
78.36
78.27
78.46
78.52
78.80
78.83
78.99
79.30
79.43
79.43
79.81
80.03
80.06
80.25
80.53
80.78
80.91
81.28
81.28
81.50
81.72
81.97
82.01
82.23
82.45
82.51
82.79
82.98
82.98
83.23
83.26
83.39
83.42
83.70
83.73
83.73
83.70
83.92
83.95
83.92
83.92
83.89
83.95
83.92
83.92
83.99
83.89
83.95
83.92
83.95
83.70
83.70
83.70
83.45
83.42
83.42
83.33
83.26
83.23
82.98
83.01
82.73
82.70
82.51
82.48
82.26
82.16
81.94
82.01
81.75
81.79
81.47
81.50
81.25
81.19
80.97
81.03
81.03
80.84
80.75
80.62
80.56
80.56
80.28
80.25
80.25
80.03
80.03
80.03
79.77
79.77
79.71
79.84
79.77
79.55
79.52
79.52
79.49
79.59
79.43
79.52
79.30
79.30
79.30
79.33
79.30
79.33
79.27
79.24
79.33
79.33
79.33
79.33
79.33
79.27
79.30
79.33
79.30
79.30
79.27
79.27
79.27
79.30
79.30
79.30
79.33
79.33
79.30
79.30
79.33
79.30
78.99
79.08
79.08
79.05
79.05
79.08
79.02
78.80
78.77
78.77
78.80
78.80
78.58
78.58
78.55
78.30
78.33
78.27
78.08
78.05
78.02
77.83
77.80
77.70
77.58
77.54
77.39
77.29
77.01
77.07
77.07
76.85
76.88
76.57
76.63
76.35
76.32
76.19
76.10
76.00
75.85
75.78
75.60
75.53
75.44
75.28
75.09
75.00
74.90
74.87
74.62
74.62
74.43
74.43
74.12
74.15
73.93
73.90
73.68
73.71
73.65
73.43
73.43
73.18
73.21
73.21
72.92
72.92
72.70
72.67
72.36
72.42
72.45
72.17
72.17
72.17
72.01
71.89
71.73
71.67
71.70
71.45
71.45
71.45
71.13
71.23
71.23
71.07
70.91
70.91
70.72
70.69
70.72
70.41
70.44
70.41
70.22
70.19
70.22
70.06
69.97
70.00
69.75
69.69
69.75
69.69
69.47
69.47
69.44
69.28
69.28
69.31
69.31
68.96
69.03
69.06
68.74
68.74
68.74
68.74
68.49
68.52
68.49
68.52
68.27
68.24
68.27
68.30
68.24
67.96
67.99
68.02
68.02
67.99
67.77
67.74
67.80
67.74
67.74
67.55
67.49
67.49
67.58
67.55
67.30
67.36
67.30
67.24
67.24
67.27
67.27
67.05
67.05
67.05
67.05
67.08
67.02
67.02
66.76
66.76
66.76
66.80
66.80
66.80
66.54
66.51
66.51
66.58
66.54
66.48
66.51
66.39
66.29
66.26
66.23
66.29
66.20
66.32
66.04
66.04
66.04
66.01
66.10
66.10
66.01
65.79
65.79
65.88
65.73
65.79
65.79
65.82
65.51
65.60
65.54
65.57
65.54
65.66
65.54
65.54
65.35
65.29
65.32
65.35
65.35
65.22
65.35
65.22
65.10
64.97
65.00
65.10
65.13
65.07
65.07
65.07
64.72
64.82
64.82
64.78
64.85
64.78
64.82
64.78
64.78
64.78
64.60
64.63
64.50
64.47
64.53
64.53
64.53
64.53
64.60
64.56
64.28
64.34
64.34
64.34
64.34
64.28
64.22
64.31
64.28
64.25
64.31
64.25
64.12
64.09
64.06
64.06
64.06
64.09
64.16
64.06
64.12
64.06
64.16
64.12
64.00
64.03
64.03
64.06
64.09
64.09
63.81
63.84
63.87
63.81
63.81
63.87
63.84
63.84
63.75
63.84
63.81
63.90
63.84
63.84
63.78
63.84
63.78
63.81
63.59
63.68
63.56
63.62
63.59
63.62
63.59
63.56
63.56
63.62
63.34
63.37
63.34
63.37
63.34
63.34
63.31
63.34
63.31
63.21
63.12
63.09
63.09
63.15
63.12
63.12
63.09
63.12
62.84
62.84
62.84
62.80
62.87
62.90
62.84
62.84
62.87
62.84
62.52
62.55
62.62
62.55
62.58
62.62
62.58
62.65
62.55
62.62
62.36
62.30
62.30
62.36
62.30
62.36
62.33
62.33
62.30
62.30
62.36
62.30
62.33
62.08
62.11
62.08
62.11
62.08
62.08
62.05
62.08
62.08
62.08
62.11
61.89
61.83
61.89
61.80
61.89
61.86
61.86
61.83
61.86
61.89
61.86
61.86
61.64
61.58
61.61
61.61
61.58
61.55
61.61
61.58
61.64
61.58
61.45
61.36
61.36
61.30
61.36
61.33
61.39
61.33
61.14
61.11
61.17
61.08
61.11
61.11
61.14
61.14
60.86
60.95
60.92
60.86
60.89
60.86
60.95
60.92
60.86
60.60
60.64
60.60
60.64
60.57
60.64
60.64
60.60
60.42
60.35
60.35
60.35
60.42
60.38
60.38
60.35
60.07
60.10
60.13
60.10
60.10
60.13
60.13
59.88
59.85
59.91
59.94
59.91
59.82
59.88
59.85
59.63
59.63
59.63
59.60
59.60
59.69
59.41
59.41
59.41
59.41
59.44
59.25
59.16
59.13
59.13
59.13
59.16
58.94
58.91
58.94
58.91
59.00
58.69
58.62
58.56
58.69
58.62
58.62
58.44
58.34
58.34
58.40
58.37
58.31
58.44
58.22
58.18
58.12
58.15
58.15
58.15
58.12
58.12
57.87
57.87
57.93
57.93
57.90
57.87
57.90
57.90
57.93
57.93
57.93
57.68
57.71
57.68
57.68
57.68
57.68
57.68
57.65
57.62
57.65
57.59
57.68
57.90
57.96
57.93
57.93
57.90
58.18
58.12
58.28
58.40
58.62
58.62
58.94
59.16
59.13
59.63
59.76
60.04
60.29
60.57
60.95
61.33
61.58
62.11
62.33
62.84
63.24
63.84
64.16
64.85
65.10
66.04
66.39
67.27
67.68
68.46
68.93
69.66
70.00
71.20
71.57
72.42
73.05
73.87
74.40
75.38
75.60
76.85
77.39
78.27
78.89
79.71
80.28
81.22
81.53
82.51
83.11
83.92
84.55
85.21
85.78
86.41
86.91
87.63
87.88
88.89
89.30
89.77
90.24
90.84
91.06
91.84
92.22
92.82
92.97
93.54
93.63
94.23
94.26
94.80
94.95
95.30
95.46
95.71
95.96
96.27
96.21
96.71
96.75
97.00
96.90
97.19
97.37
97.47
97.41
97.69
97.66
97.88
97.94
97.94
98.03
98.22
98.16
98.22
98.44
98.44
98.47
98.73
98.73
98.73
98.63
98.98
98.88
99.10
99.17
99.13
99.39
99.42
99.48
99.67
99.61
99.92
100.08
100.14
100.27
100.42
100.39
100.61
100.86
100.86
101.11
101.36
101.36
101.62
101.58
101.80
101.87
102.15
102.28
102.43
102.50
102.65
102.87
102.90
103.12
103.12
103.38
103.31
103.60
103.60
103.53
103.91
103.78
104.13
104.13
104.13
104.10
104.32
104.29
104.41
104.35
104.32
104.38
104.35
104.26
104.35
104.32
104.32
104.41
104.41
104.04
104.10
104.16
104.07
103.82
103.82
103.85
103.60
103.56
103.38
103.34
103.12
103.09
102.87
102.84
102.65
102.43
102.37
102.28
102.18
101.80
101.62
101.58
101.40
101.24
101.11
100.89
100.61
100.67
100.45
100.17
99.92
99.95
99.61
99.54
99.42
99.17
98.98
98.98
98.66
98.54
98.47
98.29
98.19
97.91
97.69
97.69
97.47
97.41
97.22
97.15
96.93
96.97
96.68
96.71
96.53
96.46
96.21
96.27
95.93
95.93
95.74
95.68
95.46
95.46
95.30
95.24
94.99
94.99
94.77
94.73
94.48
94.51
94.29
94.26
94.01
94.01
93.76
93.51
93.23
93.32
93.07
92.79
92.57
92.60
92.38
92.06
91.78
91.69
91.31
91.21
90.84
90.84
90.30
90.37
89.80
89.61
89.33
89.01
88.64
88.64
88.10
87.73
87.41
87.16
86.69
86.56
85.90
85.93
85.40
85.09
84.71
84.27
83.95
83.58
82.95
83.01
82.26
82.19
81.57
81.35
80.75
80.37
80.03
79.77
79.27
78.83
78.61
78.11
77.80
77.67
77.32
77.04
76.85
76.54
76.35
76.07
75.91
75.85
75.63
75.72
75.38
75.44
75.38
75.12
75.16
75.09
75.19
75.12
75.09
75.16
75.34
75.41
75.41
75.56
75.60
75.60
75.91
76.00
76.10
76.41
76.63
76.60
76.85
77.07
77.36
77.36
77.54
77.83
78.05
78.27
78.52
78.55
78.80
79.08
79.30
79.49
79.52
79.77
79.96
80.03
80.31
80.56
80.78
80.78
81.00
81.03
81.28
81.25
81.47
81.50
81.53
81.50
81.72
81.75
81.72
81.72
81.75
81.72
81.69
81.82
81.72
81.72
81.75
81.69
81.47
81.53
81.47
81.50
81.19
81.31
81.28
81.00
81.03
80.97
80.78
80.78
80.56
80.50
80.18
80.31
79.99
79.99
79.81
79.74
79.52
79.49
79.30
79.24
79.33
79.08
79.08
78.86
78.80
78.86
78.58
78.64
78.55
78.27
78.27
78.30
78.30
78.05
78.05
78.11
78.08
78.05
77.80
77.83
77.89
77.83
77.86
77.76
77.83
77.86
77.86
77.86
77.89
77.86
77.83
77.86
77.80
77.80
77.80
77.80
77.76
77.80
77.86
77.83
77.83
77.83
77.83
77.83
77.80
77.83
77.80
77.83
77.76
77.83
77.83
77.80
77.80
77.83
77.83
77.83
77.83
77.83
77.76
77.67
77.61
77.54
77.54
77.51
77.58
77.54
77.36
77.36
77.36
77.36
77.04
77.14
77.07
77.07
76.85
76.82
76.85
76.63
76.60
76.66
76.35
76.29
76.07
76.07
76.10
75.91
75.88
75.66
75.60
75.53
75.38
75.25
75.09
75.16
74.90
74.87
74.72
74.65
74.40
74.40
74.15
74.09
73.90
73.90
73.65
73.68
73.43
73.40
73.11
73.18
72.92
72.96
72.67
72.70
72.70
72.45
72.42
72.14
72.20
72.26
71.95
71.95
71.73
71.70
71.45
71.42
71.42
71.26
71.20
71.07
71.01
70.94
70.66
70.69
70.66
70.72
70.50
70.38
70.16
70.19
70.19
70.06
70.00
69.97
69.72
69.69
69.72
69.72
69.44
69.50
69.50
69.47
69.22
69.22
69.22
68.96
69.03
68.96
68.78
68.78
68.74
68.68
68.49
68.46
68.52
68.46
68.24
68.30
68.15
68.27
68.05
67.99
67.99
67.99
67.99
67.71
67.68
67.83
67.77
67.58
67.49
67.49
67.58
67.24
67.24
67.27
67.24
67.05
67.08
67.08
67.05
66.98
66.73
66.80
66.80
66.73
66.54
66.48
66.42
66.48
66.29
66.23
66.36
66.26
66.26
66.26
66.07
66.01
66.04
66.04
66.04
65.73
65.76
65.76
65.79
65.73
65.73
65.51
65.57
65.54
65.57
65.51
65.57
65.51
65.26
65.35
65.41
65.29
65.35
65.29
65.10
65.00
65.04
65.04
65.04
65.07
65.10
65.07
65.07
65.00
64.82
64.78
64.78
64.82
64.85
64.82
64.78
64.78
64.75
64.47
64.56
64.53
64.60
64.60
64.56
64.56
64.53
64.53
64.56
64.47
64.53
64.28
64.28
64.31
64.28
64.31
64.28
64.28
64.31
64.25
64.28
64.31
64.34
64.31
64.34
64.12
64.06
64.19
64.03
64.06
64.12
64.09
64.09
64.06
64.06
64.06
64.03
64.06
64.09
64.03
63.78
63.81
63.75
63.78
63.84
63.84
63.84
63.84
63.84
63.81
63.78
63.81
63.81
63.81
63.84
63.84
63.62
63.56
63.59
63.62
63.65
63.59
63.59
63.56
63.59
63.62
63.56
63.59
63.59
63.53
63.59
63.46
63.34
63.40
63.34
63.24
63.34
63.31
63.40
63.31
63.31
63.40
63.37
63.34
63.28
63.40
63.09
63.12
63.09
63.12
63.15
63.09
63.12
63.09
63.12
63.12
63.06
63.09
63.21
62.87
62.87
62.90
62.87
62.80
62.87
62.87
62.87
62.87
62.84
62.84
62.84
62.87
62.84
62.84
62.87
62.65
62.58
62.58
62.58
62.52
62.58
62.58
62.58
62.58
62.65
62.58
62.58
62.58
62.58
62.58
62.36
62.36
62.27
62.33
62.33
62.36
62.27
62.33
62.36
62.40
62.30
62.30
62.30
62.33
62.40
62.14
62.11
62.08
62.08
62.14
61.99
62.08
62.11
62.05
62.08
62.11
62.02
62.11
62.11
62.11
62.14
61.86
61.86
61.83
61.83
61.86
61.86
61.86
61.83
61.89
61.89
61.92
61.64
61.61
61.58
61.61
61.61
61.58
61.61
61.67
61.64
61.55
61.36
61.42
61.36
61.33
61.39
61.36
61.39
61.36
61.04
61.17
61.14
61.08
61.11
61.14
61.08
61.17
60.89
60.92
60.89
60.86
60.79
60.92
60.86
60.86
60.57
60.57
60.57
60.67
60.70
60.64
60.64
60.60
60.64
60.35
60.35
60.42
60.32
60.42
60.42
60.38
60.07
60.13
60.10
60.16
60.13
60.13
60.10
60.20
59.91
59.94
59.88
59.91
59.88
59.85
59.85
59.88
59.82
59.69
59.69
59.60
59.69
59.69
59.63
59.63
59.63
59.44
59.47
59.35
59.47
59.41
59.38
59.44
59.41
59.13
59.13
59.19
59.16
59.19
59.16
59.16
58.94
58.94
58.91
58.94
59.00
58.94
58.62
58.62
58.69
58.69
58.59
58.62
58.66
58.66
58.40
58.37
58.37
58.37
58.40
58.34
58.37
58.40
58.37
58.40
58.12
58.22
58.09
58.15
58.22
58.09
58.18
58.22
58.18
58.18
58.18
58.12
58.18
57.87
57.90
57.90
57.87
57.93
57.96
57.93
57.87
58.06
58.12
58.15
58.15
58.12
58.15
58.47
58.44
58.50
58.62
58.62
58.88
59.06
59.35
59.38
59.63
59.85
60.07
60.38
60.89
61.01
61.36
61.70
62.02
62.36
63.02
63.15
63.81
64.16
64.82
65.29
65.98
66.39
67.02
67.58
68.24
68.93
69.72
70.13
71.01
71.51
72.39
72.61
73.65
74.24
75.06
75.82
76.60
77.23
78.08
78.55
79.49
80.12
80.97
81.66
82.51
83.04
83.95
84.17
85.15
85.62
86.44
87.07
87.66
88.35
88.79
89.11
90.05
90.46
91.09
91.50
91.97
92.28
92.79
93.04
93.48
93.89
94.26
94.67
94.99
95.21
95.52
95.74
95.96
96.24
96.43
96.62
97.00
96.90
97.15
97.19
97.47
97.47
97.69
97.72
97.94
97.94
97.94
97.94
98.19
98.19
98.19
98.22
98.44
98.47
98.47
98.54
98.38
98.44
98.66
98.66
98.69
98.69
98.66
98.95
98.91
98.95
98.95
99.20
99.13
99.17
99.42
99.39
99.61
99.67
99.67
99.86
99.89
100.14
100.23
100.17
100.42
100.61
100.58
100.86
100.86
101.11
101.11
101.40
101.36
101.65
101.62
101.87
101.77
102.18
102.12
102.09
102.37
102.43
102.62
102.62
102.84
102.94
102.84
102.87
103.16
103.09
103.16
103.25
103.31
103.31
103.28
103.25
103.34
103.38
103.31
103.34
103.31
103.34
103.34
103.34
103.12
103.12
103.06
103.16
102.90
102.84
102.81
102.59
102.56
102.62
102.37
102.28
102.12
101.96
101.87
101.87
101.65
101.40
101.40
101.11
100.86
100.96
100.64
100.74
100.42
100.20
99.92
99.76
99.67
99.45
99.20
99.17
98.91
98.69
98.51
98.47
98.19
98.07
97.69
97.66
97.47
97.34
97.28
97.03
96.75
96.78
96.49
96.46
96.27
95.99
95.71
95.80
95.49
95.33
95.27
95.27
95.02
94.80
94.51
94.55
94.36
94.33
94.01
93.98
93.89
93.60
93.54
93.29
93.32
93.07
92.85
92.85
92.57
92.50
92.35
92.09
92.06
91.78
91.53
91.59
91.40
91.18
90.77
90.87
90.62
90.33
90.08
90.08
89.61
89.45
89.39
89.08
88.89
88.67
88.13
88.13
87.60
87.47
87.16
86.85
86.66
86.25
85.87
85.90
85.46
85.09
84.61
84.43
84.02
83.73
83.20
83.17
82.51
82.38
81.75
81.53
81.00
80.75
80.31
79.96
79.49
79.18
78.77
78.39
78.08
77.76
77.32
77.32
76.79
76.60
76.32
76.10
75.91
75.66
75.38
75.41
75.12
75.09
74.90
74.87
74.65
74.68
74.68
74.62
74.68
74.68
74.65
74.62
74.68
74.62
74.90
74.87
75.16
75.12
75.16
75.34
75.60
75.66
75.82
75.88
76.10
76.10
76.57
76.60
76.85
76.98
77.10
77.36
77.54
77.67
77.83
78.05
78.33
78.46
78.58
78.80
79.02
79.05
79.30
79.33
79.55
79.71
79.81
79.81
80.03
80.03
80.25
80.25
80.21
80.28
80.53
80.53
80.50
80.59
80.56
80.50
80.50
80.50
80.53
80.53
80.56
80.53
80.31
80.25
80.18
80.31
80.06
79.99
80.03
79.74
79.71
79.62
79.59
79.55
79.30
79.30
79.02
79.05
78.80
78.80
78.83
78.46
78.61
78.58
78.24
78.30
78.08
78.08
78.08
77.83
77.80
77.80
77.54
77.58
77.54
77.39
77.36
77.32
77.36
77.29
77.07
77.07
77.10
77.07
77.07
77.10
77.07
77.07
77.17
76.88
76.85
76.88
76.85
76.85
76.76
76.88
76.88
76.85
76.85
76.88
76.85
77.01
77.10
77.04
77.04
77.10
77.04
77.14
77.07
77.04
77.04
77.01
77.10
77.07
77.04
77.14
77.10
77.07
77.07
77.07
76.85
76.79
76.95
76.92
76.79
76.88
76.85
76.85
76.60
76.60
76.63
76.63
76.60
76.32
76.35
76.32
76.35
76.10
76.10
76.10
75.85
75.88
75.85
75.63
75.56
75.66
75.34
75.44
75.19
75.16
75.16
74.90
74.90
74.78
74.65
74.62
74.37
74.37
74.12
74.15
73.90
73.93
73.90
73.65
73.65
73.43
73.43
73.43
73.21
73.02
72.92
72.96
72.70
72.64
72.39
72.48
72.14
72.20
71.95
71.98
71.95
71.67
71.70
71.67
71.48
71.45
71.29
71.23
71.23
71.01
70.94
70.98
70.69
70.72
70.47
70.47
70.47
70.32
70.22
70.22
69.97
70.03
70.03
69.81
69.81
69.78
69.72
69.47
69.50
69.50
69.25
69.22
69.28
69.25
69.00
69.06
69.00
68.90
68.78
68.74
68.84
68.62
68.49
68.52
68.52
68.24
68.24
68.21
68.02
68.02
68.02
68.02
67.77
67.77
67.83
67.77
67.52
67.49
67.55
67.55
67.30
67.24
67.27
67.05
67.02
67.02
66.73
66.76
66.86
66.80
66.58
66.51
66.58
66.51
66.29
66.20
66.23
66.26
66.01
66.04
66.04
66.01
65.82
65.79
65.79
65.82
65.82
65.60
65.54
65.60
65.54
65.57
65.26
65.29
65.41
65.32
65.29
65.32
65.10
65.10
65.10
65.07
65.10
65.04
65.10
64.91
64.72
64.85
64.85
64.82
64.78
64.82
64.82
64.88
64.60
64.60
64.56
64.60
64.56
64.56
64.60
64.41
64.31
64.28
64.38
64.28
64.28
64.28
64.34
64.34
64.06
64.09
64.06
64.12
64.06
64.09
64.03
64.00
64.09
64.03
63.84
63.78
63.84
63.84
63.84
63.78
63.81
63.84
63.56
63.56
63.59
63.65
63.59
63.62
63.59
63.56
63.34
63.28
63.34
63.31
63.37
63.37
63.31
63.34
63.37
63.37
63.06
63.09
63.06
63.06
63.09
63.12
63.15
63.09
63.15
62.90
62.84
62.84
62.90
62.87
62.87
62.80
62.87
62.80
62.90
62.84
62.84
62.90
62.55
62.58
62.58
62.55
62.52
62.58
62.55
62.58
62.55
62.58
62.58
62.62
62.58
62.58
62.58
62.33
62.40
62.30
62.36
62.27
62.30
62.27
62.33
62.33
62.27
62.30
62.30
62.27
62.33
62.30
62.08
62.08
62.08
62.11
62.08
62.08
62.08
62.05
62.05
62.05
62.14
62.08
62.08
62.11
61.86
61.83
61.83
61.86
61.89
61.89
61.86
61.86
61.89
61.83
61.80
61.83
61.83
61.86
61.58
61.64
61.58
61.61
61.55
61.61
61.61
61.58
61.55
61.58
61.58
61.64
61.58
61.61
61.39
61.36
61.36
61.36
61.36
61.36
61.36
61.42
61.39
61.36
61.17
61.08
61.11
61.08
61.11
61.08
61.11
61.14
61.14
61.14
61.14
60.95
60.89
60.92
60.79
60.82
60.89
60.86
60.92
60.89
60.82
60.86
60.89
60.89
60.64
60.57
60.57
60.57
60.54
60.57
60.64
60.51
60.64
60.60
60.54
60.57
60.64
60.32
60.32
60.35
60.35
60.32
60.38
60.38
60.32
60.32
60.35
60.32
60.38
60.20
60.16
60.04
60.16
60.13
60.04
60.13
60.10
60.07
60.16
60.13
59.85
59.88
59.88
59.82
59.88
59.91
59.88
59.88
59.88
59.91
59.60
59.60
59.63
59.60
59.57
59.66
59.66
59.63
59.44
59.41
59.41
59.32
59.32
59.38
59.35
59.38
59.41
59.44
59.16
59.13
59.22
59.13
59.19
59.19
59.13
58.97
58.97
58.94
58.91
58.94
58.97
58.91
58.88
58.88
58.66
58.62
58.59
58.66
58.62
58.62
58.62
58.50
58.37
58.47
58.34
58.31
58.37
58.40
58.18
58.12
58.09
58.15
58.12
58.18
57.96
57.87
57.93
57.93
57.96
57.93
57.93
57.71
57.68
57.65
57.62
57.71
57.71
57.65
57.43
57.46
57.43
57.43
57.46
57.49
57.43
57.46
57.43
57.46
57.46
57.43
57.24
57.21
57.18
57.24
57.24
57.24
57.15
57.18
57.18
57.21
57.18
57.21
57.27
57.27
57.21
57.27
57.21
57.24
57.21
57.18
57.18
57.37
57.46
57.46
57.46
57.59
57.68
57.71
57.93
58.09
58.18
58.47
58.72
58.84
59.19
59.38
59.63
59.79
60.10
60.38
60.89
61.33
61.58
62.05
62.58
62.96
63.53
63.87
64.60
64.97
65.60
66.23
66.80
67.33
68.02
68.65
69.50
69.81
70.69
71.35
72.17
72.83
73.65
73.90
75.22
75.69
76.60
77.20
78.05
78.64
79.55
79.81
81.16
81.44
82.60
82.95
83.77
84.33
85.18
85.40
86.47
86.91
87.35
88.07
88.73
89.05
89.58
89.80
90.62
90.87
91.59
91.97
92.28
92.63
93.32
93.38
93.76
94.14
94.51
94.67
95.05
95.14
95.49
95.49
95.99
95.99
96.27
96.46
96.46
96.59
96.68
96.78
96.97
96.97
97.25
97.22
97.50
97.47
97.37
97.47
97.69
97.69
97.69
97.69
98.03
97.97
97.94
97.94
98.16
98.19
98.22
98.38
98.54
98.41
98.73
98.79
98.69
98.73
98.95
99.13
99.17
99.20
99.42
99.42
99.64
99.79
99.92
100.08
100.17
100.42
100.42
100.61
100.92
100.86
101.18
101.18
101.33
101.52
101.62
101.62
101.84
102.12
102.18
102.37
102.40
102.68
102.59
102.87
102.87
103.16
103.12
103.06
103.31
103.38
103.31
103.56
103.63
103.63
103.56
103.60
103.56
103.56
103.82
103.85
103.50
103.60
103.63
103.56
103.56
103.60
103.56
103.31
103.34
103.34
103.09
103.12
103.12
102.94
102.84
102.90
102.59
102.53
102.34
102.28
102.15
101.87
101.80
101.62
101.58
101.30
101.14
101.11
100.89
100.70
100.58
100.39
100.17
100.17
99.92
99.73
99.64
99.48
99.32
99.17
98.82
98.91
98.66
98.54
98.47
98.19
98.19
97.91
97.66
97.69
97.34
97.44
97.19
97.19
96.97
97.03
96.71
96.71
96.46
96.53
96.24
96.18
95.96
95.96
95.74
95.71
95.49
95.49
95.11
95.30
94.92
94.99
94.73
94.70
94.48
94.51
94.26
94.20
93.98
94.07
93.70
93.60
93.48
93.26
93.04
93.01
92.75
92.75
92.47
92.35
92.00
91.91
91.56
91.40
91.28
91.06
90.77
90.55
90.37
90.15
89.83
89.58
89.08
89.11
88.67
88.35
88.13
87.69
87.29
87.38
86.88
86.69
86.19
85.87
85.40
85.27
84.68
84.58
84.14
83.95
83.39
83.07
82.45
82.32
81.75
81.57
81.03
80.72
80.28
80.03
79.49
79.27
78.83
78.58
78.05
78.02
77.58
77.32
76.76
76.66
76.29
76.19
75.85
75.88
75.60
75.38
75.12
75.09
74.90
75.00
74.94
74.62
74.65
74.65
74.59
74.68
74.59
74.56
74.59
74.68
74.81
74.78
74.87
75.16
75.12
75.41
75.38
75.60
75.85
75.91
76.07
76.26
76.35
76.60
76.92
76.85
77.29
77.36
77.58
77.86
78.05
78.05
78.30
78.58
78.83
78.83
79.05
79.24
79.55
79.55
79.74
79.77
79.99
79.99
80.25
80.25
80.56
80.53
80.53
80.75
80.75
80.75
80.78
80.81
80.81
81.09
80.97
81.00
80.81
80.75
80.81
80.75
80.81
80.65
80.53
80.56
80.53
80.28
80.34
80.18
80.06
80.06
79.81
79.84
79.52
79.55
79.30
79.30
79.11
79.08
78.86
78.83
78.55
78.58
78.33
78.30
77.98
78.08
78.11
77.76
77.86
77.61
77.54
77.58
77.39
77.32
77.39
77.10
77.10
77.14
76.79
76.79
76.88
76.85
76.82
76.63
76.60
76.63
76.66
76.63
76.63
76.70
76.57
76.60
76.63
76.60
76.66
76.63
76.66
76.57
76.66
76.63
76.63
76.57
76.54
76.63
76.63
76.66
76.66
76.54
76.63
76.60
76.63
76.63
76.60
76.60
76.66
76.66
76.63
76.66
76.63
76.66
76.60
76.63
76.63
76.60
76.38
76.41
76.38
76.35
76.35
76.38
76.13
76.16
76.10
76.13
76.10
75.97
75.94
75.88
75.60
75.63
75.60
75.63
75.38
75.41
75.22
75.16
75.19
75.16
74.90
74.90
74.65
74.65
74.34
74.40
74.12
74.18
74.12
73.93
73.87
73.74
73.65
73.55
73.40
73.40
73.18
73.21
72.96
72.96
72.70
72.74
72.42
72.45
72.20
72.20
71.98
71.92
71.98
71.70
71.67
71.45
71.51
71.32
71.23
71.26
70.98
70.98
70.79
70.69
70.76
70.66
70.47
70.41
70.25
70.22
70.19
70.03
69.94
69.97
69.69
69.78
69.72
69.50
69.47
69.53
69.25
69.22
69.25
69.25
69.00
69.09
69.00
69.00
68.71
68.81
68.74
68.49
68.43
68.52
68.24
68.30
68.27
68.27
68.08
68.02
67.99
67.93
67.68
67.80
67.71
67.64
67.52
67.46
67.46
67.30
67.24
67.20
67.24
67.08
67.08
67.08
67.05
66.76
66.80
66.76
66.58
66.54
66.58
66.54
66.26
66.29
66.26
66.26
66.04
66.04
66.10
66.04
66.01
65.76
65.73
65.73
65.82
65.57
65.60
65.54
65.54
65.44
65.26
65.29
65.32
65.32
65.10
65.10
65.10
65.10
65.07
64.85
64.78
64.78
64.88
64.78
64.63
64.53
64.60
64.56
64.56
64.56
64.56
64.28
64.34
64.31
64.31
64.31
64.31
64.31
64.00
64.09
64.00
64.12
64.09
64.12
64.03
64.09
63.84
63.84
63.84
63.87
63.81
63.78
63.87
63.81
63.81
63.87
63.87
63.59
63.65
63.59
63.62
63.62
63.59
63.53
63.62
63.59
63.59
63.62
63.31
63.34
63.31
63.31
63.43
63.34
63.37
63.34
63.34
63.37
63.34
63.09
63.09
63.12
63.12
63.09
63.09
63.06
63.06
63.15
63.06
62.84
62.80
62.80
62.80
62.80
62.84
62.87
62.80
62.65
62.55
62.58
62.62
62.58
62.65
62.55
62.58
62.62
62.30
62.36
62.40
62.36
62.30
62.30
62.36
62.27
62.33
62.33
62.11
62.02
62.08
62.08
62.14
62.08
62.08
62.08
61.86
61.89
61.86
61.86
61.86
61.86
61.83
61.86
61.89
61.77
61.61
61.58
61.64
61.61
61.58
61.61
61.61
61.61
61.58
61.55
61.64
61.64
61.39
61.36
61.39
61.39
61.36
61.39
61.39
61.36
61.39
61.36
61.36
61.39
61.36
61.39
61.39
61.33
61.17
61.11
61.14
61.17
61.14
61.11
61.14
61.14
61.14
61.08
61.14
61.08
61.14
61.11
61.17
61.20
61.20
61.11
61.11
61.11
60.89
60.86
60.82
60.92
60.89
60.89
60.92
60.89
60.89
60.89
60.82
60.86
60.92
60.86
60.89
60.92
60.64
60.57
60.60
60.60
60.67
60.60
60.64
60.60
60.57
60.60
60.57
60.38
60.42
60.45
60.32
60.38
60.38
60.38
60.35
60.38
60.35
60.29
60.16
60.07
60.13
60.13
60.16
60.13
60.13
60.13
59.91
59.88
59.88
59.88
59.91
59.88
59.88
59.88
59.66
59.66
59.66
59.66
59.66
59.60
59.69
59.60
59.38
59.38
59.41
59.44
59.44
59.44
59.41
59.38
59.16
59.16
59.22
59.16
59.13
59.16
59.19
59.19
59.16
58.91
58.97
59.00
59.00
58.91
58.94
58.88
58.88
58.94
58.69
58.66
58.66
58.69
58.62
58.62
58.66
58.62
58.37
58.40
58.40
58.31
58.40
58.34
58.44
58.34
58.22
58.12
58.18
58.22
58.18
58.12
58.15
58.09
57.90
57.93
58.00
57.93
57.87
57.90
57.93
57.84
57.68
57.71
57.65
57.62
57.65
57.65
57.62
57.62
57.49
57.46
57.43
57.43
57.43
57.43
57.46
57.49
57.21
57.24
57.18
57.15
57.18
57.15
57.18
57.21
56.99
56.99
56.96
56.90
56.99
56.99
56.90
56.71
56.71
56.68
56.68
56.68
56.68
56.65
56.39
56.36
56.43
56.43
56.46
56.43
56.49
56.43
56.27
56.14
56.24
56.17
56.17
56.21
56.21
56.21
56.24
55.99
55.99
55.92
55.92
55.92
55.92
55.99
55.92
55.95
55.67
55.73
55.73
55.73
55.73
55.73
55.73
55.77
55.73
55.70
55.67
55.70
55.67
55.67
55.70
55.73
55.73
55.77
55.99
55.99
55.99
55.95
56.17
56.36
56.49
56.68
56.99
56.93
57.18
57.43
57.68
57.96
58.37
58.62
59.19
59.28
59.88
60.16
60.54
61.01
61.58
62.05
62.62
63.24
63.87
64.03
65.04
65.35
66.23
66.89
67.52
67.99
69.03
69.25
70.50
70.76
71.67
72.33
73.14
73.84
74.59
75.16
76.13
76.66
77.54
78.30
79.05
79.68
80.47
81.03
81.94
82.26
83.23
83.80
84.55
84.99
85.71
85.93
86.56
87.29
87.88
88.29
88.89
89.01
89.55
89.83
90.33
90.62
91.09
91.43
91.81
91.97
92.38
92.53
92.75
93.07
93.32
93.32
93.45
93.70
93.79
94.01
94.01
94.01
94.26
94.33
94.51
94.51
94.51
94.51
94.51
94.55
94.77
94.73
94.77
94.73
94.77
94.77
94.67
94.73
94.77
94.80
94.77
94.89
94.95
94.99
94.99
94.92
94.92
95.21
95.27
95.21
95.49
95.49
95.46
95.71
95.77
95.83
95.93
96.18
96.21
96.31
96.46
96.46
96.78
96.97
97.22
97.19
97.34
97.47
97.72
97.69
97.88
98.13
98.22
98.41
98.73
98.63
98.91
98.95
99.13
99.17
99.42
99.57
99.57
99.67
99.92
99.86
100.17
100.14
100.39
100.36
100.42
100.36
100.64
100.64
100.67
100.64
100.58
100.61
100.64
100.67
100.64
100.58
100.67
100.58
100.48
100.36
100.36
100.39
100.17
100.14
100.20
99.92
99.89
99.79
99.61
99.54
99.42
99.26
99.17
98.98
98.88
98.69
98.47
98.47
98.19
98.07
97.94
97.72
97.66
97.44
97.22
97.22
97.00
96.93
96.71
96.46
96.24
96.09
95.96
95.71
95.52
95.58
95.21
95.27
94.95
94.83
94.70
94.55
94.55
94.26
94.01
94.01
93.82
93.76
93.51
93.54
93.29
93.16
93.01
92.75
92.79
92.57
92.31
92.35
92.06
92.13
91.87
91.84
91.53
91.56
91.25
91.06
91.06
90.87
90.52
90.71
90.37
90.21
90.05
89.80
89.58
89.58
89.33
89.14
88.89
88.79
88.67
88.35
88.13
87.82
87.63
87.47
87.16
87.19
86.69
86.69
86.15
86.12
85.65
85.46
85.18
85.02
84.74
84.46
84.02
83.99
83.45
83.23
82.76
82.63
82.19
82.01
81.53
81.16
80.75
80.43
79.96
79.62
79.02
79.05
78.33
78.24
77.64
77.39
76.85
76.76
76.10
76.13
75.66
75.34
74.90
74.65
74.34
74.18
73.62
73.74
73.43
73.14
72.96
72.74
72.70
72.42
72.42
72.23
72.17
72.33
71.92
71.92
71.92
71.92
71.89
71.95
72.20
72.20
72.14
72.42
72.42
72.55
72.64
72.70
72.96
73.18
73.40
73.49
73.62
73.87
73.93
74.15
74.40
74.50
74.90
74.87
75.09
75.38
75.60
75.66
75.85
76.07
76.38
76.57
76.57
76.88
77.14
77.17
77.29
77.39
77.61
77.54
77.86
77.80
78.11
78.02
78.05
78.39
78.24
78.33
78.30
78.27
78.30
78.52
78.52
78.39
78.36
78.36
78.27
78.27
78.33
78.30
78.02
78.05
78.05
77.80
77.83
77.64
77.54
77.61
77.32
77.36
77.17
77.04
76.85
76.82
76.63
76.63
76.60
76.38
76.41
76.04
76.10
75.91
75.91
75.82
75.66
75.63
75.31
75.38
75.16
75.16
75.16
75.16
74.94
74.97
74.65
74.65
74.65
74.62
74.72
74.62
74.40
74.37
74.37
74.34
74.43
74.40
74.37
74.34
74.40
74.37
74.40
74.37
74.34
74.37
74.34
74.37
74.43
74.37
74.40
74.37
74.31
74.40
74.37
74.43
74.68
74.65
74.65
74.62
74.68
74.68
74.72
74.65
74.65
74.65
74.72
74.62
74.72
74.62
74.59
74.68
74.65
74.68
74.65
74.62
74.68
74.62
74.62
74.59
74.65
74.65
74.40
74.37
74.37
74.37
74.40
74.15
74.15
74.12
74.09
73.87
73.90
73.96
73.62
73.68
73.65
73.62
73.46
73.46
73.18
73.21
72.92
72.89
72.92
72.67
72.67
72.42
72.42
72.23
72.14
72.23
71.95
71.92
71.67
71.73
71.45
71.42
71.16
71.23
70.88
71.01
70.76
70.69
70.44
70.50
70.22
70.22
70.00
69.94
69.91
69.78
69.75
69.44
69.47
69.50
69.25
69.22
69.00
69.00
68.71
68.78
68.71
68.52
68.49
68.49
68.24
68.27
68.02
67.96
67.96
68.02
67.77
67.77
67.49
67.55
67.55
67.42
67.30
67.33
67.20
67.05
67.02
67.08
66.80
66.80
66.80
66.73
66.54
66.54
66.45
66.36
66.29
66.29
66.26
66.29
66.04
65.98
66.07
65.88
65.73
65.79
65.82
65.79
65.57
65.57
65.54
65.35
65.29
65.35
65.26
65.35
65.04
65.00
65.10
65.07
64.88
64.78
64.85
64.85
64.78
64.60
64.60
64.50
64.60
64.44
64.31
64.28
64.34
64.38
64.03
64.09
64.09
64.09
64.09
64.03
63.78
63.87
63.84
63.84
63.81
63.68
63.56
63.59
63.59
63.59
63.56
63.34
63.43
63.37
63.31
63.37
63.12
63.12
63.09
63.15
63.12
63.12
62.84
62.84
62.87
62.84
62.80
62.84
62.58
62.55
62.62
62.55
62.62
62.55
62.33
62.27
62.36
62.33
62.33
62.24
62.11
62.08
62.14
62.05
62.11
61.96
61.86
61.86
61.86
61.80
61.86
61.86
61.58
61.58
61.64
61.58
61.64
61.61
61.58
61.48
61.45
61.33
61.39
61.36
61.33
61.33
61.36
61.20
61.11
61.14
61.11
61.11
61.17
61.17
61.20
61.11
61.17
60.86
60.89
60.89
60.89
60.92
60.92
60.86
60.86
60.89
60.86
60.92
60.86
60.92
60.60
60.60
60.57
60.57
60.67
60.60
60.60
60.57
60.60
60.57
60.60
60.64
60.57
60.57
60.64
60.64
60.60
60.67
60.35
60.35
60.38
60.48
60.35
60.35
60.45
60.42
60.32
60.35
60.35
60.32
60.35
60.38
60.35
60.38
60.48
60.29
60.35
60.38
60.10
60.13
60.13
60.10
60.13
60.04
60.13
60.13
60.13
60.07
60.13
60.16
59.91
59.82
59.88
59.91
59.85
59.88
59.88
59.91
59.82
59.88
59.85
59.94
59.60
59.66
59.63
59.63
59.66
59.69
59.69
59.60
59.63
59.66
59.38
59.38
59.44
59.38
59.35
59.44
59.41
59.38
59.38
59.50
59.13
59.13
59.22
59.19
59.22
59.16
59.19
59.13
59.16
59.19
59.13
59.16
59.22
59.16
58.94
58.94
58.94
58.94
58.91
58.97
58.84
58.94
58.94
58.88
58.97
58.97
58.94
58.97
58.94
58.66
58.62
58.62
58.69
58.66
58.69
58.69
58.66
58.66
58.69
58.69
58.66
58.66
58.66
58.47
58.40
58.40
58.34
58.40
58.44
58.40
58.44
58.37
58.47
58.44
58.40
58.37
58.47
58.28
58.15
58.12
58.18
58.18
58.18
58.18
58.22
58.15
58.15
58.18
58.15
58.00
57.96
57.93
57.90
57.93
57.93
57.90
57.93
57.93
57.71
57.68
57.68
57.65
57.71
57.68
57.62
57.68
57.40
57.46
57.43
57.43
57.46
57.40
57.43
57.30
57.24
57.21
57.21
57.15
57.18
57.12
57.15
56.96
56.99
56.96
56.93
56.90
56.96
56.96
56.68
56.68
56.71
56.68
56.71
56.74
56.68
56.71
56.39
56.46
56.49
56.43
56.43
56.46
56.43
56.36
56.21
56.17
56.17
56.17
56.21
56.17
56.17
55.99
55.92
55.92
55.99
55.92
55.95
55.95
55.70
55.64
55.73
55.70
55.70
55.70
55.70
55.55
55.48
55.51
55.48
55.48
55.58
55.55
55.45
55.23
55.20
55.23
55.20
55.29
55.26
55.04
55.07
54.98
54.92
55.04
55.01
54.98
54.70
54.67
54.73
54.67
54.73
54.73
54.70
54.79
54.48
54.51
54.45
54.45
54.48
54.38
54.51
54.45
54.45
54.45
54.23
54.23
54.23
54.23
54.19
54.23
54.19
54.23
54.16
54.23
54.19
54.23
54.26
54.29
54.26
54.23
54.23
54.26
54.16
54.26
54.26
54.29
54.23
54.26
54.26
54.41
54.51
54.51
54.60
54.70
55.01
55.04
55.29
55.39
55.73
55.70
56.17
56.24
56.65
56.90
57.27
57.62
57.93
58.12
58.97
59.16
59.69
60.07
60.54
60.98
61.86
62.08
62.84
63.15
64.06
64.72
65.22
65.98
66.76
67.02
67.99
68.49
69.50
70.00
71.01
71.51
72.26
72.70
73.62
74.15
75.16
75.78
76.63
77.07
78.05
78.30
79.30
79.59
80.50
81.19
81.94
82.35
82.95
83.42
84.24
84.43
85.15
85.59
86.12
86.59
87.16
87.35
87.91
88.10
88.61
88.92
89.33
89.52
89.80
90.05
90.37
90.59
90.84
91.09
91.37
91.28
91.53
91.56
91.81
91.81
92.06
92.06
92.35
92.28
92.35
92.31
92.53
92.57
92.60
92.53
92.57
92.60
92.63
92.50
92.60
92.57
92.60
92.53
92.63
92.85
92.82
92.85
92.75
92.82
92.79
92.85
92.79
93.01
93.01
93.07
93.07
93.07
93.29
93.26
93.51
93.51
93.51
93.51
93.76
93.76
94.01
93.95
94.26
94.26
94.55
94.58
94.70
94.70
95.05
94.99
95.21
95.21
95.52
95.46
95.74
95.74
95.93
95.93
96.24
96.31
96.21
96.49
96.43
96.49
96.71
96.81
96.78
96.93
97.06
96.93
96.93
97.00
97.19
97.15
97.22
97.22
97.25
97.22
97.28
97.22
96.97
96.93
96.97
97.00
97.03
97.03
96.71
96.71
96.78
96.56
96.46
96.31
96.21
96.27
96.05
95.93
95.77
95.71
95.52
95.39
95.27
95.24
94.95
94.77
94.58
94.55
94.29
94.26
94.04
93.98
93.82
93.51
93.32
93.29
93.07
92.88
92.82
92.57
92.35
92.31
92.03
91.87
91.81
91.56
91.53
91.43
91.06
91.12
90.87
90.68
90.59
90.37
90.11
90.05
89.83
89.86
89.55
89.42
89.45
89.08
89.14
88.86
88.57
88.64
88.39
88.39
88.17
88.10
87.88
87.91
87.63
87.41
87.16
87.19
86.94
86.81
86.66
86.44
86.12
86.15
85.90
85.71
85.40
85.43
85.21
84.99
84.71
84.71
84.27
84.21
83.92
83.77
83.48
83.20
82.92
82.79
82.26
82.19
81.82
81.47
81.31
81.03
80.53
80.25
79.81
79.68
79.30
78.99
78.55
78.27
77.83
77.58
77.10
76.82
76.38
76.32
75.56
75.66
75.12
74.90
74.40
74.15
73.90
73.62
73.18
73.21
72.74
72.64
72.11
72.17
71.89
71.70
71.42
71.48
71.23
71.26
71.23
71.04
70.98
70.98
70.94
71.01
70.98
71.04
70.98
70.98
71.16
71.26
71.20
71.48
71.51
71.54
71.64
71.95
71.92
72.20
72.39
72.42
72.64
72.74
72.89
73.21
73.36
73.55
73.68
73.87
74.15
74.24
74.37
74.59
74.94
74.90
75.12
75.16
75.41
75.44
75.63
75.72
75.85
75.85
76.07
76.13
76.35
76.35
76.38
76.29
76.63
76.60
76.60
76.66
76.57
76.63
76.63
76.60
76.63
76.60
76.63
76.57
76.32
76.29
76.38
76.29
76.13
76.13
76.13
76.07
75.82
75.91
75.63
75.53
75.63
75.56
75.34
75.38
75.12
75.16
75.06
74.84
74.84
74.90
74.65
74.65
74.65
74.37
74.40
74.34
74.37
74.21
74.15
74.15
74.15
74.15
73.90
73.93
73.90
73.90
73.93
73.93
73.87
73.84
73.90
73.90
73.93
73.87
73.90
73.87
73.96
73.93
73.96
73.93
73.90
73.84
73.90
73.87
74.15
74.12
74.12
74.15
74.12
74.15
74.09
74.12
74.34
74.40
74.43
74.40
74.37
74.34
74.40
74.43
74.37
74.34
74.40
74.40
74.46
74.34
74.59
74.62
74.37
74.34
74.37
74.34
74.37
74.37
74.40
74.40
74.34
74.34
74.40
74.28
74.06
74.18
74.15
74.12
73.90
73.93
73.90
73.90
73.65
73.68
73.65
73.68
73.40
73.46
73.43
73.36
73.21
73.18
72.99
72.96
72.96
72.67
72.70
72.52
72.36
72.39
72.17
72.08
71.92
71.95
71.98
71.70
71.73
71.67
71.45
71.45
71.23
71.23
70.98
71.07
71.04
70.69
70.76
70.72
70.47
70.41
70.19
70.16
69.97
70.03
69.97
69.94
69.72
69.69
69.47
69.50
69.25
69.18
69.22
69.25
69.03
69.00
68.81
68.74
68.71
68.49
68.52
68.43
68.21
68.27
68.24
68.27
67.99
67.99
68.05
67.74
67.71
67.74
67.58
67.55
67.55
67.55
67.27
67.27
67.30
67.27
67.08
66.98
66.95
66.83
66.80
66.76
66.51
66.51
66.54
66.54
66.32
66.23
66.23
66.32
65.98
66.01
66.04
65.98
65.76
65.76
65.76
65.73
65.51
65.63
65.54
65.48
65.26
65.35
65.32
65.35
65.10
65.04
65.07
65.13
64.85
64.78
64.82
64.75
64.78
64.53
64.53
64.53
64.63
64.63
64.25
64.34
64.34
64.28
64.31
64.34
64.06
64.09
64.06
64.09
64.06
64.09
63.75
63.78
63.84
63.84
63.84
63.84
63.59
63.56
63.56
63.62
63.62
63.59
63.31
63.37
63.31
63.31
63.40
63.31
63.34
63.37
63.06
63.12
63.12
63.06
63.09
63.06
63.09
62.99
62.80
62.87
62.87
62.80
62.87
62.84
62.58
62.65
62.55
62.55
62.62
62.55
62.58
62.62
62.65
62.33
62.36
62.30
62.27
62.30
62.27
62.33
62.36
62.33
62.02
62.08
62.08
62.11
62.08
62.08
62.11
62.11
62.11
62.11
61.83
61.83
61.83
61.86
61.86
61.86
61.86
61.83
61.86
61.89
61.55
61.67
61.55
61.64
61.61
61.61
61.61
61.61
61.64
61.61
61.64
61.61
61.36
61.36
61.33
61.42
61.39
61.36
61.39
61.36
61.39
61.39
61.33
61.39
61.08
61.11
61.14
61.14
61.11
61.14
61.14
61.11
61.17
61.11
61.17
61.14
61.14
61.11
61.14
60.95
60.86
60.92
60.86
60.98
60.89
60.86
60.92
60.82
60.89
60.89
60.86
60.82
60.89
60.92
60.86
60.86
60.64
60.64
60.60
60.60
60.60
60.57
60.64
60.67
60.67
60.51
60.57
60.64
60.67
60.60
60.64
60.60
60.57
60.60
60.64
60.48
60.35
60.38
60.38
60.35
60.35
60.32
60.29
60.38
60.38
60.23
60.38
60.35
60.38
60.10
60.10
60.16
60.13
60.10
60.23
60.10
60.13
60.07
60.20
60.20
60.10
60.13
60.10
60.20
59.91
59.82
59.91
59.85
59.85
59.85
59.85
59.88
59.91
59.91
59.94
59.85
59.88
59.91
59.63
59.66
59.63
59.69
59.66
59.72
59.63
59.54
59.63
59.60
59.69
59.57
59.63
59.63
59.63
59.60
59.44
59.41
59.41
59.41
59.44
59.38
59.44
59.44
59.35
59.44
59.44
59.38
59.35
59.19
59.10
59.19
59.13
59.19
59.19
59.13
59.19
59.19
59.19
59.19
59.19
58.91
58.94
58.88
58.88
58.91
58.94
58.88
58.94
58.94
58.97
58.94
58.62
58.66
58.62
58.59
58.62
58.69
58.62
58.69
58.59
58.59
58.40
58.44
58.37
58.37
58.44
58.40
58.40
58.44
58.34
58.15
58.12
58.18
58.15
58.15
58.18
58.18
58.15
58.15
58.15
58.15
57.93
57.93
57.93
57.90
57.84
57.93
57.87
57.87
57.93
57.84
57.62
57.68
57.71
57.65
57.65
57.65
57.68
57.68
57.65
57.68
57.46
57.46
57.43
57.43
57.40
57.43
57.43
57.43
57.46
57.18
57.18
57.24
57.15
57.24
57.21
57.24
57.21
56.99
56.93
56.99
56.96
56.99
56.99
56.96
56.68
56.74
56.68
56.71
56.74
56.71
56.46
56.43
56.43
56.49
56.39
56.49
56.46
56.36
56.21
56.21
56.21
56.17
56.24
56.14
55.99
56.02
55.95
55.95
55.92
56.05
55.86
55.99
55.99
55.92
55.67
55.70
55.70
55.73
55.73
55.80
55.73
55.73
55.80
55.70
55.67
55.80
55.70
55.67
55.70
55.73
55.73
55.77
55.70
55.67
55.92
56.02
55.95
56.02
56.17
56.21
56.46
56.43
56.68
56.68
56.93
57.24
57.43
57.74
57.90
58.12
58.62
58.94
59.38
59.54
60.13
60.48
61.17
61.17
61.83
62.18
63.12
63.50
64.16
64.38
65.22
65.63
66.48
66.86
67.77
68.34
69.28
69.56
70.72
71.04
72.23
72.52
73.65
74.06
75.12
75.53
76.60
76.88
78.08
78.36
79.52
79.99
81.03
81.31
82.19
82.76
83.67
83.99
84.93
85.31
86.15
86.47
87.13
87.47
88.42
88.67
89.36
89.67
90.05
90.40
91.09
91.28
91.81
91.87
92.31
92.69
93.10
93.13
93.51
93.51
93.98
94.01
94.29
94.33
94.51
94.77
94.73
95.02
95.02
94.99
95.21
95.24
95.27
95.24
95.46
95.52
95.46
95.49
95.55
95.46
95.52
95.52
95.52
95.74
95.71
95.77
95.77
95.71
95.71
95.71
95.74
95.74
95.96
95.96
95.93
95.93
96.31
96.21
96.27
96.53
96.53
96.49
96.71
96.81
96.97
97.03
97.19
97.19
97.34
97.53
97.69
97.75
97.88
98.07
98.22
98.38
98.41
98.69
98.98
98.91
99.17
99.13
99.39
99.35
99.67
99.67
99.89
99.92
100.14
100.11
100.39
100.42
100.42
100.61
100.58
100.61
100.92
100.89
100.89
100.83
100.89
100.86
100.92
100.89
100.89
100.86
100.89
100.89
100.83
100.96
100.96
100.67
100.61
100.67
100.39
100.36
100.39
100.20
100.14
99.92
99.92
99.57
99.67
99.48
99.45
99.13
98.91
98.91
98.66
98.69
98.47
98.38
98.19
97.97
97.69
97.72
97.47
97.41
97.22
97.06
96.71
96.75
96.46
96.37
96.21
95.99
95.71
95.74
95.46
95.43
95.27
95.02
94.99
94.73
94.51
94.51
94.29
94.29
93.98
94.01
93.76
93.63
93.51
93.51
93.32
93.26
93.10
92.82
92.82
92.53
92.57
92.25
92.28
92.06
91.81
91.78
91.56
91.56
91.28
91.34
91.06
91.06
90.81
90.62
90.40
90.40
90.11
90.05
89.77
89.58
89.42
89.23
88.92
88.92
88.64
88.35
88.17
88.07
87.63
87.57
87.16
87.13
86.72
86.59
86.19
86.15
85.65
85.40
85.15
84.96
84.49
84.36
83.95
83.70
83.23
83.17
82.76
82.45
81.94
81.69
81.25
81.00
80.50
80.31
79.77
79.68
78.99
79.02
78.27
78.24
77.86
77.45
77.04
76.85
76.32
76.38
75.85
75.63
75.44
75.12
74.87
74.59
74.43
74.34
74.09
74.06
73.90
73.84
73.68
73.62
73.43
73.43
73.43
73.46
73.40
73.36
73.43
73.36
73.68
73.71
73.65
73.74
73.96
73.87
74.12
74.15
74.43
74.37
74.65
74.65
74.87
75.09
75.34
75.38
75.63
75.72
75.82
76.13
76.35
76.32
76.60
76.66
76.88
77.10
77.07
77.36
77.58
77.54
77.83
77.80
77.83
77.98
78.05
78.05
78.33
78.30
78.30
78.55
78.58
78.49
78.55
78.61
78.61
78.61
78.58
78.52
78.58
78.55
78.61
78.58
78.33
78.30
78.30
78.30
78.05
78.11
78.02
78.02
77.80
77.80
77.58
77.64
77.58
77.39
77.32
77.39
77.10
77.07
76.92
76.92
76.88
76.60
76.63
76.60
76.32
76.38
76.35
76.10
76.10
76.07
75.88
75.88
75.91
75.85
75.56
75.66
75.60
75.66
75.69
75.63
75.38
75.41
75.41
75.31
75.38
75.38
75.41
75.34
75.38
75.41
75.34
75.38
75.44
75.41
75.38
75.44
75.41
75.38
75.41
75.38
75.41
75.38
75.41
75.38
75.63
75.66
75.60
75.63
75.66
75.66
75.60
75.56
75.63
75.66
75.66
75.56
75.63
75.60
75.69
75.63
75.38
75.44
75.34
75.41
75.41
75.38
75.41
75.38
75.12
75.19
75.12
75.12
74.90
74.90
74.87
74.87
74.68
74.65
74.68
74.59
74.37
74.40
74.34
74.06
74.15
74.15
73.87
73.93
73.65
73.68
73.62
73.43
73.43
73.36
73.21
73.18
72.89
72.99
72.64
72.67
72.42
72.33
72.42
72.20
72.14
71.92
71.95
71.89
71.67
71.64
71.42
71.48
71.26
71.16
70.94
71.01
70.94
70.72
70.69
70.69
70.44
70.44
70.19
70.19
70.19
70.00
70.00
70.00
69.69
69.75
69.50
69.50
69.53
69.47
69.25
69.22
69.25
69.00
69.00
69.03
68.74
68.74
68.71
68.78
68.49
68.46
68.46
68.46
68.27
68.21
68.24
68.18
68.05
68.02
67.99
67.93
67.74
67.74
67.74
67.52
67.52
67.55
67.52
67.27
67.33
67.30
67.11
67.05
67.05
67.05
66.76
66.76
66.67
66.80
66.51
66.51
66.51
66.51
66.29
66.29
66.29
66.26
66.04
66.07
66.04
66.04
65.82
65.76
65.70
65.66
65.60
65.54
65.54
65.29
65.29
65.32
65.35
65.10
65.04
65.07
65.10
65.07
64.82
64.82
64.82
64.82
64.63
64.60
64.56
64.50
64.31
64.28
64.28
64.31
64.34
64.31
64.09
64.06
64.06
64.06
64.12
63.97
63.84
63.81
63.81
63.78
63.84
63.84
63.56
63.53
63.62
63.59
63.53
63.56
63.34
63.31
63.37
63.28
63.31
63.40
63.28
63.34
63.12
63.15
63.09
63.09
63.12
63.15
63.09
63.06
62.87
62.71
62.84
62.84
62.84
62.84
62.84
62.80
62.84
62.77
62.58
62.62
62.62
62.58
62.58
62.58
62.55
62.58
62.55
62.27
62.30
62.30
62.24
62.30
62.33
62.30
62.33
62.30
62.33
62.30
62.08
62.08
62.11
62.02
62.11
62.05
62.11
62.11
62.02
62.05
62.11
62.08
61.86
61.83
61.89
61.83
61.86
61.80
61.86
61.89
61.80
61.86
61.83
61.64
61.58
61.61
61.58
61.58
61.58
61.58
61.67
61.58
61.64
61.64
61.39
61.33
61.39
61.39
61.39
61.36
61.39
61.39
61.39
61.36
61.33
61.14
61.17
61.17
61.14
61.14
61.04
61.14
61.11
61.14
61.14
61.14
60.89
60.89
60.82
60.92
60.82
60.95
60.92
60.89
60.89
60.89
60.89
60.82
60.57
60.57
60.51
60.60
60.57
60.60
60.60
60.60
60.57
60.64
60.57
60.67
60.54
60.38
60.32
60.35
60.38
60.35
60.35
60.32
60.35
60.32
60.29
60.35
60.42
60.35
60.10
60.13
60.07
60.10
60.13
60.04
60.10
60.10
60.13
60.13
60.10
60.13
60.16
60.13
59.91
59.91
59.85
59.88
59.88
59.88
59.91
59.88
59.88
59.88
59.85
59.88
59.82
59.82
59.69
59.63
59.63
59.63
59.66
59.63
59.66
59.66
59.63
59.66
59.69
59.66
59.57
59.41
59.41
59.41
59.41
59.47
59.44
59.41
59.44
59.44
59.41
59.41
59.41
59.38
59.13
59.13
59.16
59.13
59.13
59.19
59.19
59.16
59.13
59.19
59.22
58.91
58.91
58.91
58.94
58.94
58.91
58.91
58.84
58.94
58.97
58.94
58.62
58.62
58.62
58.62
58.69
58.69
58.69
58.69
58.62
58.66
58.69
58.40
58.40
58.37
58.40
58.37
58.40
58.34
58.40
58.44
58.40
58.12
58.22
58.18
58.18
58.15
58.15
58.09
58.18
58.15
57.93
57.93
57.93
57.93
57.90
57.90
57.96
57.93
57.87
57.93
57.71
57.65
57.68
57.68
57.65
57.68
57.71
57.68
57.68
57.71
57.49
57.40
57.43
57.43
57.52
57.40
57.43
57.49
57.49
57.30
57.24
57.24
57.21
57.21
57.21
57.18
57.21
57.21
56.99
56.99
56.99
56.96
56.99
56.99
56.99
56.68
56.71
56.65
56.58
56.65
56.68
56.55
56.46
56.46
56.46
56.46
56.46
56.49
56.21
56.24
56.27
56.24
56.24
56.17
56.17
56.14
56.17
55.92
55.95
55.99
55.99
55.95
55.99
55.92
55.92
55.95
55.99
55.95
55.95
55.92
56.02
55.99
55.95
55.99
55.95
55.70
55.73
55.70
55.73
55.70
55.99
55.99
55.95
55.99
55.95
55.89
55.95
55.99
56.14
56.17
56.49
56.49
56.65
56.65
56.99
57.05
57.18
57.40
57.68
57.71
58.18
58.28
58.56
58.97
59.38
59.66
60.07
60.42
61.17
61.48
61.89
62.21
63.06
63.46
64.09
64.41
65.29
65.57
66.51
66.86
67.80
68.27
69.28
69.66
70.69
71.04
71.92
72.45
73.40
73.93
74.97
75.50
76.51
77.04
78.02
78.39
79.49
79.87
80.75
81.38
82.23
82.85
83.73
83.99
84.93
85.18
86.19
86.53
87.19
87.54
88.42
88.64
89.23
89.61
90.05
90.43
91.12
91.34
91.81
92.06
92.50
92.63
93.04
93.29
93.54
93.73
93.92
94.01
94.23
94.42
94.73
94.73
94.92
95.02
95.21
95.21
95.30
95.24
95.49
95.52
95.49
95.52
95.71
95.74
95.68
95.77
95.71
95.71
95.74
95.65
96.02
95.93
95.90
95.99
95.96
95.96
96.27
96.24
96.21
96.34
96.43
96.43
96.49
96.56
96.71
96.65
96.97
96.93
97.19
97.22
97.44
97.44
97.69
97.66
97.97
97.94
98.16
98.25
98.41
98.69
98.73
98.88
99.17
99.13
99.45
99.42
99.64
99.70
99.92
100.14
100.20
100.42
100.36
100.64
100.61
100.89
100.89
101.14
101.14
101.11
101.33
101.40
101.40
101.43
101.58
101.65
101.62
101.58
101.58
101.62
101.55
101.62
101.58
101.62
101.62
101.58
101.62
101.65
101.43
101.30
101.40
101.33
101.24
101.11
101.11
100.92
100.89
100.74
100.58
100.55
100.36
100.30
100.20
99.89
99.92
99.61
99.45
99.42
99.10
99.20
98.88
98.85
98.73
98.47
98.16
98.22
97.97
97.91
97.72
97.63
97.41
97.15
97.25
97.03
96.71
96.71
96.46
96.49
96.24
96.09
95.99
95.80
95.80
95.68
95.49
95.49
95.27
95.14
94.95
94.77
94.77
94.48
94.55
94.26
94.23
94.14
94.01
93.92
93.76
93.76
93.51
93.45
93.32
93.26
93.04
92.97
92.82
92.57
92.53
92.38
92.03
92.00
91.81
91.81
91.62
91.53
91.25
91.09
90.84
90.74
90.37
90.30
90.15
89.86
89.61
89.58
89.14
89.05
88.67
88.64
88.07
88.13
87.69
87.60
87.16
86.88
86.66
86.34
86.00
85.87
85.46
85.15
84.74
84.61
84.21
83.89
83.48
83.23
82.73
82.54
81.97
81.75
81.28
81.03
80.59
80.25
79.77
79.49
79.08
78.68
78.30
78.08
77.64
77.36
76.85
76.85
76.32
76.10
75.85
75.56
75.09
75.12
74.97
74.65
74.31
74.31
74.18
73.93
73.90
73.62
73.65
73.68
73.43
73.49
73.43
73.40
73.46
73.46
73.68
73.65
73.71
73.68
73.90
73.90
74.12
74.15
74.37
74.40
74.62
74.78
74.94
75.19
75.41
75.47
75.63
75.85
76.10
76.22
76.35
76.66
76.79
76.95
77.29
77.42
77.58
77.51
77.80
78.08
78.30
78.36
78.61
78.58
78.80
78.77
79.05
79.02
79.33
79.33
79.27
79.55
79.55
79.52
79.43
79.46
79.55
79.55
79.49
79.52
79.59
79.55
79.59
79.55
79.46
79.49
79.27
79.27
79.02
79.05
79.08
78.93
78.83
78.80
78.58
78.58
78.33
78.27
78.08
78.08
77.80
77.76
77.58
77.54
77.36
77.32
77.10
77.10
77.07
76.85
76.85
76.60
76.63
76.51
76.35
76.35
76.10
76.13
76.07
76.07
75.88
75.88
75.88
75.78
75.56
75.60
75.60
75.66
75.41
75.41
75.38
75.38
75.41
75.38
75.34
75.34
75.41
75.34
75.38
75.41
75.41
75.38
75.44
75.41
75.31
75.34
75.41
75.38
75.38
75.38
75.41
75.31
75.41
75.41
75.34
75.34
75.41
75.41
75.41
75.44
75.41
75.38
75.41
75.34
75.41
75.31
75.38
75.38
75.38
75.41
75.41
75.28
75.22
75.22
75.03
75.12
75.16
74.90
74.81
74.90
74.84
74.65
74.62
74.59
74.62
74.34
74.40
74.37
74.09
74.15
74.09
74.09
73.96
73.96
73.62
73.68
73.68
73.36
73.40
73.40
73.18
73.05
72.92
72.89
72.64
72.64
72.45
72.42
72.39
72.23
72.20
71.95
