65.02
64.99
64.75
64.78
64.78
64.78
64.62
64.56
64.62
64.59
64.35
64.29
64.29
64.32
64.05
64.11
64.08
64.08
63.83
63.77
63.83
63.83
63.56
63.59
63.59
63.56
63.35
63.32
63.35
63.32
63.20
63.10
63.10
63.07
62.92
62.86
62.89
62.89
62.62
62.65
62.59
62.65
62.68
62.41
62.38
62.41
62.44
62.44
62.38
62.16
62.16
62.19
62.22
62.16
62.16
62.22
62.25
62.13
62.13
62.13
62.19
62.22
62.19
62.16
62.19
62.19
62.41
62.44
62.41
62.59
62.68
62.89
63.07
63.10
63.41
63.53
63.83
64.14
64.53
64.78
65.08
65.54
65.99
66.45
66.99
67.42
67.87
68.36
69.12
69.52
70.24
70.91
71.70
72.25
73.16
74.04
74.80
75.71
76.47
77.42
78.36
79.18
80.27
81.15
82.16
83.31
84.25
85.41
86.35
87.47
88.78
89.90
91.18
92.36
93.52
94.73
95.86
97.20
98.50
99.72
101.09
102.30
103.49
104.88
106.10
107.53
108.71
110.11
111.35
112.45
113.91
115.03
116.22
117.52
118.65
119.86
121.26
122.26
123.42
124.60
125.88
126.85
127.94
129.16
130.04
131.29
132.26
133.14
134.11
134.96
136.03
136.97
137.88
138.70
139.55
140.25
140.98
141.71
142.44
143.17
143.90
144.41
145.08
145.54
146.02
146.48
146.90
147.36
147.60
148.18
148.36
148.55
148.85
149.00
149.34
149.64
149.79
149.76
150.03
150.06
149.97
150.22
150.25
150.31
150.25
150.28
150.25
150.00
150.00
150.06
149.79
149.79
149.64
149.34
149.31
149.09
148.82
148.58
148.33
148.21
147.94
147.69
147.42
147.18
146.94
146.66
146.21
145.96
145.75
145.54
145.23
144.78
144.47
144.29
143.87
143.62
143.35
143.14
142.68
142.38
142.16
141.92
141.47
141.25
141.01
140.77
140.52
140.28
139.86
139.61
139.31
139.13
138.85
138.64
138.40
138.21
137.91
137.70
137.70
137.42
137.24
137.03
136.73
136.79
136.51
136.30
136.27
136.06
135.81
135.75
135.54
135.54
135.36
135.33
135.36
135.09
135.05
135.12
134.84
134.87
134.87
134.87
134.63
134.57
134.60
134.60
134.63
134.57
134.60
134.63
134.63
134.63
134.63
134.57
134.60
134.57
134.63
134.84
134.81
134.87
134.81
134.78
134.84
135.09
135.05
135.09
135.09
135.09
135.05
135.33
135.33
135.33
135.36
135.30
135.51
135.48
135.54
135.54
135.54
135.81
135.78
135.78
135.78
135.78
135.81
135.97
136.00
136.06
136.03
136.06
136.03
136.00
136.30
136.24
136.27
136.27
136.21
136.27
136.30
136.27
136.24
136.27
136.30
136.21
136.24
136.24
136.27
136.24
136.24
136.27
136.24
136.00
135.97
136.09
136.00
136.00
135.78
135.72
135.84
135.78
135.51
135.51
135.51
135.33
135.33
135.30
135.09
135.02
134.87
134.84
134.60
134.63
134.36
134.30
134.11
134.14
133.84
133.60
133.60
133.38
133.14
133.17
132.93
132.68
132.44
132.20
132.20
132.02
131.77
131.53
131.23
130.98
130.74
130.35
130.07
129.83
129.62
129.37
128.92
128.64
128.13
127.98
127.49
127.31
126.79
126.24
126.00
125.57
125.06
124.66
124.06
123.90
123.39
122.96
122.23
121.75
121.23
120.83
120.29
119.62
119.13
118.59
117.98
117.49
116.70
116.25
115.55
114.85
114.36
113.66
113.18
112.45
111.78
111.39
110.56
109.96
109.41
108.68
108.01
107.53
106.80
106.37
105.67
105.13
104.43
103.94
103.42
102.79
102.27
101.84
101.27
100.81
100.42
99.93
99.38
98.99
98.47
98.08
97.83
97.32
96.83
96.56
96.10
95.89
95.62
95.16
94.95
94.67
94.49
94.28
93.91
93.94
93.73
93.46
93.46
93.31
93.00
93.06
93.06
92.76
92.76
92.85
92.85
92.82
92.85
92.85
92.79
92.85
92.85
92.82
92.79
93.03
93.00
93.03
93.28
93.28
93.49
93.49
93.76
93.70
94.04
93.94
94.25
94.49
94.46
94.77
94.95
94.98
95.16
95.37
95.62
95.68
95.83
96.10
96.13
96.35
96.59
96.86
96.83
97.07
97.35
97.35
97.53
97.80
97.77
98.02
98.26
98.29
98.47
98.47
98.72
98.75
98.93
98.96
99.02
99.23
99.20
99.35
99.38
99.44
99.44
99.66
99.66
99.63
99.63
99.69
99.66
99.66
99.66
99.66
99.72
99.66
99.63
99.69
99.69
99.63
99.35
99.41
99.41
99.41
99.14
99.14
99.14
98.96
98.99
98.78
98.68
98.68
98.53
98.41
98.23
98.11
97.96
97.77
97.77
97.53
97.29
97.32
97.04
96.83
96.56
96.59
96.35
96.13
96.10
95.86
95.68
95.37
95.16
95.13
94.89
94.77
94.46
94.46
94.25
93.98
93.73
93.76
93.52
93.22
93.03
92.85
92.79
92.55
92.33
92.06
92.03
91.79
91.64
91.36
91.39
91.15
90.94
90.91
90.63
90.48
90.15
90.15
89.96
89.72
89.72
89.48
89.24
89.27
89.05
88.96
88.75
88.51
88.57
88.23
88.26
88.05
88.05
87.84
87.81
87.59
87.62
87.35
87.35
87.11
87.11
86.90
86.93
86.62
86.62
86.65
86.38
86.41
86.14
86.11
85.95
85.92
85.89
85.65
85.68
85.44
85.41
85.41
85.22
85.22
84.98
84.95
85.01
84.74
84.74
84.74
84.46
84.50
84.43
84.22
84.22
84.22
84.01
84.04
84.07
83.74
83.83
83.80
83.55
83.52
83.55
83.40
83.37
83.31
83.10
83.04
83.07
82.88
82.79
82.55
82.61
82.61
82.34
82.34
82.34
82.03
82.06
82.09
81.85
81.88
81.82
81.67
81.64
81.55
81.40
81.46
81.40
81.15
81.12
81.15
80.88
80.94
80.97
80.67
80.76
80.64
80.48
80.42
80.45
80.21
80.24
80.18
79.97
79.94
79.94
79.94
79.79
79.72
79.82
79.76
79.51
79.51
79.48
79.51
79.33
79.30
79.33
79.27
79.06
79.03
79.00
79.06
79.12
79.00
78.84
78.81
78.75
78.78
78.84
78.48
78.54
78.54
78.54
78.54
78.60
78.60
78.33
78.33
78.39
78.36
78.27
78.33
78.33
78.36
78.33
78.11
78.05
78.11
78.08
78.11
78.05
78.08
78.08
78.11
78.11
78.14
78.05
77.84
77.81
77.84
77.87
77.90
77.87
77.84
77.84
77.90
77.90
77.87
77.84
77.81
77.87
77.84
77.90
77.69
77.66
77.66
77.63
77.66
77.60
77.63
77.60
77.66
77.60
77.63
77.57
77.39
77.35
77.35
77.42
77.39
77.39
77.39
77.45
77.39
77.14
77.14
77.11
77.17
77.14
77.17
77.11
76.93
76.93
76.90
76.90
76.90
76.90
76.66
76.69
76.63
76.63
76.60
76.66
76.44
76.38
76.47
76.38
76.38
76.17
76.20
76.23
76.20
75.90
75.96
75.90
75.93
75.96
75.77
75.71
75.71
75.74
75.53
75.47
75.50
75.23
75.23
75.23
75.23
75.02
75.02
74.98
74.95
74.77
74.77
74.71
74.59
74.53
74.50
74.53
74.26
74.23
74.26
74.32
74.10
74.07
74.10
73.86
73.89
73.86
73.83
73.59
73.53
73.59
73.31
73.28
73.31
73.34
73.13
73.10
73.07
73.10
72.89
72.86
72.86
72.61
72.61
72.65
72.68
72.40
72.40
72.37
72.40
72.37
72.19
72.13
72.16
72.16
72.16
71.92
71.89
71.92
71.95
71.92
71.76
71.67
71.67
71.73
71.73
71.70
71.73
71.52
71.43
71.49
71.49
71.46
71.40
71.49
71.43
71.22
71.19
71.16
71.22
71.19
71.19
71.22
71.13
70.94
71.00
70.94
70.94
70.97
70.91
70.97
70.97
70.94
70.94
70.91
70.94
70.97
70.97
70.94
70.97
70.97
70.91
70.76
70.73
70.73
70.73
70.79
70.76
70.76
70.76
70.70
70.73
70.76
70.76
70.76
70.73
70.76
70.73
70.76
70.76
70.70
70.82
70.70
70.67
70.70
70.76
70.76
70.46
70.46
70.52
70.43
70.49
70.49
70.49
70.52
70.52
70.46
70.49
70.55
70.49
70.28
70.34
70.24
70.31
70.28
70.21
70.28
70.24
70.31
70.24
70.24
70.06
70.06
70.06
70.03
70.03
70.06
70.00
70.06
69.79
69.82
69.79
69.79
69.82
69.76
69.79
69.82
69.61
69.58
69.61
69.55
69.61
69.58
69.58
69.55
69.58
69.55
69.58
69.27
69.30
69.27
69.30
69.30
69.33
69.27
69.30
69.30
69.30
69.27
69.36
69.06
69.06
69.06
69.06
69.09
69.09
69.09
69.00
69.06
69.06
69.06
69.06
68.85
68.85
68.82
68.85
68.82
68.85
68.85
68.91
68.79
68.82
68.76
68.82
68.79
68.88
68.88
68.85
68.60
68.57
68.60
68.57
68.60
68.60
68.60
68.63
68.54
68.57
68.63
68.63
68.60
68.36
68.39
68.39
68.33
68.36
68.33
68.42
68.33
68.39
68.15
68.09
68.09
68.18
68.15
68.18
68.15
68.09
68.15
68.18
67.94
67.87
67.94
67.87
67.87
67.94
67.87
67.91
67.63
67.66
67.66
67.63
67.69
67.63
67.69
67.42
67.42
67.48
67.39
67.42
67.42
67.42
67.36
67.18
67.15
67.12
67.15
67.18
67.18
67.15
67.15
67.12
67.15
66.90
66.96
66.90
66.93
66.93
66.90
66.87
66.93
66.93
66.69
66.72
66.69
66.69
66.72
66.69
66.66
66.72
66.66
66.48
66.48
66.42
66.51
66.42
66.45
66.51
66.48
66.23
66.26
66.23
66.23
66.20
66.26
65.99
65.96
65.99
65.99
66.02
65.99
65.72
65.72
65.75
65.72
65.50
65.54
65.47
65.50
65.47
65.29
65.20
65.23
65.26
65.02
65.02
65.02
64.96
64.75
64.78
64.81
64.78
64.56
64.53
64.59
64.53
64.35
64.32
64.29
64.29
64.11
64.05
64.05
64.11
64.05
63.83
63.83
63.80
63.83
63.83
63.83
63.89
63.56
63.56
63.59
63.59
63.56
63.56
63.59
63.77
63.89
63.77
63.80
64.11
64.08
64.32
64.32
64.59
64.53
64.84
65.02
65.29
65.47
65.78
66.02
66.54
66.75
67.15
67.60
67.84
68.36
68.88
69.49
70.03
70.49
71.13
71.95
72.55
73.40
74.04
74.80
75.50
76.41
77.02
78.05
78.97
79.79
80.67
81.64
82.85
83.83
84.77
85.89
86.87
88.02
88.93
90.15
91.36
92.55
93.70
94.95
95.98
97.32
98.65
99.87
101.09
102.54
103.76
104.85
106.28
107.50
108.92
110.05
111.29
112.69
113.88
115.12
116.34
117.71
118.86
120.04
121.26
122.66
123.84
125.09
125.94
127.19
128.40
129.59
130.62
131.71
132.65
133.87
134.84
135.72
136.76
137.67
138.64
139.55
140.28
141.22
141.92
142.89
143.59
144.35
144.99
145.81
146.18
146.97
147.57
148.12
148.64
149.12
149.55
150.06
150.28
150.70
150.95
151.46
151.68
151.95
152.22
152.43
152.62
152.65
152.86
153.13
153.10
153.10
153.35
153.32
153.41
153.35
153.29
153.35
153.35
153.10
153.10
153.16
152.83
152.86
152.53
152.43
152.37
152.10
151.95
151.74
151.46
151.43
151.25
150.95
150.70
150.49
150.25
149.97
149.73
149.52
149.03
148.82
148.58
148.30
148.15
147.94
147.63
147.15
146.90
146.66
146.39
146.24
145.99
145.75
145.23
145.08
144.87
144.57
144.32
144.11
143.84
143.62
143.41
143.11
143.14
142.83
142.65
142.47
142.23
142.16
141.98
141.71
141.74
141.47
141.22
141.19
140.92
141.04
140.74
140.80
140.52
140.52
140.55
140.28
140.28
140.25
140.10
140.01
140.04
140.07
140.10
139.83
139.86
139.83
139.83
139.86
139.83
139.79
139.83
139.83
139.83
139.73
139.83
139.86
139.83
139.86
139.79
139.83
140.10
140.04
140.07
140.04
140.01
140.07
140.31
140.25
140.22
140.25
140.34
140.49
140.52
140.52
140.49
140.71
140.74
140.77
140.80
140.77
140.98
140.92
141.01
141.01
141.19
141.19
141.19
141.22
141.25
141.44
141.50
141.44
141.44
141.50
141.41
141.71
141.71
141.71
141.71
141.77
141.68
141.68
141.74
141.74
141.95
141.95
142.01
141.89
141.95
141.95
141.92
141.92
141.92
141.98
141.74
141.74
141.71
141.68
141.68
141.74
141.71
141.47
141.47
141.44
141.47
141.16
141.25
141.16
141.01
140.95
141.04
140.74
140.80
140.49
140.49
140.55
140.31
140.04
140.10
139.76
139.83
139.61
139.37
139.07
139.10
138.82
138.64
138.37
138.12
137.91
137.70
137.42
137.15
136.73
136.48
136.27
136.00
135.51
135.33
134.84
134.63
134.11
133.90
133.44
133.17
132.62
132.26
131.71
131.32
131.01
130.59
129.77
129.34
128.92
128.43
127.98
127.46
126.73
126.24
125.54
125.12
124.36
123.87
123.11
122.54
121.99
121.29
120.56
120.04
119.41
118.62
117.92
117.34
116.46
116.03
115.30
114.67
113.91
113.21
112.69
112.05
111.29
110.53
110.17
109.44
108.89
108.26
107.77
107.04
106.52
106.13
105.34
104.85
104.43
104.00
103.46
103.03
102.54
102.33
101.84
101.33
101.05
100.54
100.39
99.93
99.63
99.47
99.14
98.72
98.53
98.53
98.23
97.99
97.74
97.56
97.53
97.32
97.32
97.07
97.04
97.10
96.83
96.86
96.74
96.89
96.83
96.86
96.86
96.80
97.04
97.04
97.07
97.01
97.29
97.35
97.26
97.56
97.53
97.74
97.80
98.02
98.29
98.23
98.50
98.53
98.75
98.96
98.96
99.14
99.41
99.44
99.63
99.84
100.17
100.17
100.42
100.63
100.57
100.90
101.09
101.12
101.36
101.30
101.54
101.84
101.88
102.12
102.09
102.24
102.27
102.51
102.51
102.54
102.73
102.79
102.79
102.97
103.03
103.00
103.18
103.21
103.24
103.24
103.24
103.30
103.46
103.42
103.46
103.49
103.46
103.46
103.49
103.49
103.21
103.24
103.24
103.21
103.27
103.00
103.00
102.97
102.76
102.79
102.48
102.54
102.57
102.33
102.27
102.06
102.06
101.81
101.81
101.57
101.33
101.33
101.15
100.84
100.87
100.66
100.42
100.36
100.11
99.93
99.63
99.63
99.44
99.17
98.96
98.72
98.47
98.50
98.29
98.05
97.74
97.56
97.32
97.07
97.04
96.77
96.59
96.35
96.16
95.80
95.62
95.65
95.46
95.16
94.95
94.77
94.40
94.46
94.16
93.98
93.73
93.73
93.52
93.34
93.03
93.06
92.79
92.58
92.58
92.33
92.03
92.09
91.88
91.85
91.61
91.39
91.36
91.12
91.18
90.85
90.88
90.66
90.69
90.42
90.09
90.21
89.90
89.96
89.93
89.75
89.72
89.48
89.48
89.20
89.20
89.30
88.99
89.02
88.78
88.75
88.81
88.57
88.57
88.54
88.26
88.29
88.26
88.08
88.02
88.02
87.78
87.81
87.87
87.56
87.56
87.62
87.35
87.35
87.29
87.14
87.11
87.11
86.83
86.87
86.59
86.65
86.65
86.41
86.38
86.35
86.20
86.14
86.17
85.89
85.89
85.68
85.62
85.68
85.41
85.44
85.44
85.22
85.22
85.04
84.98
85.01
84.71
84.74
84.74
84.43
84.50
84.34
84.22
84.28
84.01
84.01
84.01
83.80
83.80
83.83
83.58
83.55
83.52
83.34
83.28
83.34
83.07
83.07
83.10
82.85
82.85
82.82
82.55
82.58
82.55
82.58
82.34
82.31
82.34
82.34
82.13
82.09
82.06
82.13
81.88
81.82
81.88
81.82
81.64
81.61
81.67
81.64
81.67
81.46
81.40
81.40
81.46
81.40
81.37
81.15
81.18
81.27
81.15
81.18
81.15
81.21
80.91
80.94
80.97
80.91
80.94
80.94
80.97
80.67
80.76
80.67
80.67
80.76
80.67
80.67
80.70
80.70
80.70
80.39
80.42
80.39
80.45
80.48
80.39
80.45
80.42
80.48
80.42
80.42
80.48
80.24
80.18
80.24
80.24
80.27
80.18
80.21
80.24
80.18
80.21
80.21
80.18
80.00
79.94
79.97
80.03
79.94
79.91
80.03
80.03
79.94
79.94
79.76
79.76
79.72
79.72
79.72
79.72
79.82
79.76
79.76
79.51
79.54
79.51
79.51
79.45
79.51
79.51
79.27
79.33
79.30
79.30
79.27
79.27
79.06
79.06
79.09
79.09
79.03
79.03
78.81
78.81
78.81
78.81
78.81
78.54
78.60
78.54
78.54
78.27
78.33
78.33
78.36
78.05
78.08
78.05
78.14
77.87
77.90
77.81
77.87
77.60
77.60
77.63
77.42
77.32
77.42
77.39
77.17
77.14
77.14
76.90
76.93
76.90
76.90
76.69
76.66
76.66
76.38
76.44
76.41
76.14
76.23
76.23
76.02
75.99
75.99
75.81
75.71
75.74
75.50
75.50
75.47
75.47
75.20
75.26
75.32
75.05
75.02
75.02
75.05
74.71
74.74
74.74
74.71
74.53
74.59
74.50
74.56
74.50
74.26
74.26
74.35
74.32
74.07
74.07
74.04
74.04
73.89
73.83
73.80
73.86
73.83
73.83
73.62
73.62
73.62
73.56
73.53
73.56
73.59
73.34
73.34
73.37
73.37
73.40
73.40
73.34
73.34
73.37
73.34
73.31
73.13
73.13
73.07
73.07
73.19
73.07
73.07
73.10
73.10
73.10
73.13
73.16
73.07
73.10
73.10
72.86
72.95
72.83
72.89
72.83
72.86
72.83
72.89
72.89
72.86
72.89
72.92
72.89
72.83
72.89
72.83
72.86
72.86
72.83
72.86
72.68
72.65
72.68
72.65
72.61
72.61
72.65
72.65
72.65
72.68
72.65
72.71
72.65
72.65
72.61
72.65
72.40
72.43
72.37
72.40
72.40
72.40
72.43
72.40
72.40
72.40
72.19
72.13
72.16
72.19
72.13
72.22
72.10
72.19
72.10
72.22
71.92
71.92
71.95
71.92
71.89
71.89
71.92
71.70
71.70
71.70
71.70
71.67
71.67
71.40
71.40
71.43
71.46
71.43
71.19
71.25
71.19
71.19
71.19
70.94
70.88
70.97
70.94
70.94
70.76
70.73
70.76
70.73
70.70
70.46
70.52
70.52
70.46
70.43
70.52
70.28
70.24
70.28
70.28
70.21
70.03
70.09
70.03
70.03
70.09
70.00
69.82
69.82
69.76
69.76
69.73
69.76
69.55
69.52
69.55
69.55
69.58
69.55
69.55
69.33
69.33
69.30
69.24
69.27
69.30
69.27
69.30
69.30
69.06
69.06
69.06
69.06
69.06
69.06
69.06
69.03
69.09
69.06
69.06
69.09
69.09
69.03
69.09
69.09
69.06
69.06
69.06
69.03
69.12
69.09
69.09
69.09
69.06
69.09
69.06
69.03
69.03
69.06
69.06
69.09
69.00
69.09
69.03
69.06
69.00
69.06
69.06
69.06
69.00
69.06
69.09
69.03
69.09
69.12
69.03
69.09
69.06
69.09
69.06
69.03
69.06
69.12
69.06
69.03
69.12
69.12
69.06
69.06
69.00
69.06
69.12
69.09
69.09
69.06
69.09
69.03
69.06
69.09
69.03
68.85
68.85
68.82
68.82
68.82
68.82
68.85
68.85
68.82
68.57
68.60
68.57
68.57
68.63
68.60
68.57
68.57
68.36
68.36
68.36
68.33
68.39
68.36
68.33
68.39
68.12
68.15
68.18
68.15
68.09
68.15
67.91
67.87
67.94
67.87
67.91
67.91
67.94
67.66
67.60
67.66
67.63
67.60
67.42
67.36
67.42
67.39
67.36
67.39
67.21
67.15
67.18
67.08
67.18
66.96
66.93
66.93
66.96
66.69
66.69
66.69
66.72
66.42
66.51
66.45
66.45
66.20
66.23
66.20
66.17
65.99
66.02
65.90
66.05
65.78
65.78
65.72
65.54
65.50
65.47
65.47
65.20
65.23
65.26
65.02
65.05
65.05
65.02
64.81
64.78
64.81
64.78
64.56
64.56
64.62
64.56
64.38
64.32
64.29
64.35
64.32
64.32
64.29
64.05
64.08
64.11
64.08
64.08
64.08
64.08
64.11
64.08
64.26
64.32
64.32
64.26
64.53
64.62
64.56
64.81
65.05
64.99
65.23
65.47
65.78
65.96
66.23
66.69
66.93
67.39
67.63
68.12
68.60
69.06
69.49
70.03
70.70
71.25
71.92
72.68
73.10
73.83
74.65
75.50
76.23
76.90
77.84
78.78
79.54
80.45
81.34
82.34
83.31
84.19
85.47
86.44
87.59
88.54
89.72
90.91
91.94
93.00
94.28
95.37
96.80
98.02
99.20
100.39
101.54
103.03
104.12
105.34
106.80
107.95
109.14
110.50
111.81
112.93
114.15
115.58
116.76
117.98
119.16
120.26
121.53
122.66
123.87
125.12
126.27
127.46
128.31
129.62
130.74
131.77
132.68
133.84
134.81
135.75
136.70
137.73
138.64
139.61
140.31
141.16
141.95
142.62
143.50
144.38
145.05
145.48
146.24
146.78
147.45
148.12
148.58
149.06
149.55
150.06
150.19
150.73
151.25
151.49
151.68
151.92
152.13
152.37
152.59
152.86
153.13
153.07
153.35
153.35
153.35
153.56
153.56
153.59
153.59
153.59
153.59
153.56
153.38
153.44
153.32
153.10
153.10
152.83
152.86
152.62
152.37
152.40
152.19
151.86
151.61
151.46
151.25
150.98
150.70
150.49
150.25
150.00
149.82
149.58
149.40
149.06
148.79
148.58
148.36
148.09
147.88
147.66
147.42
147.15
146.90
146.48
146.21
145.93
145.78
145.54
145.23
145.02
144.75
144.53
144.53
144.32
144.11
143.90
143.68
143.38
143.32
143.14
142.92
142.62
142.68
142.44
142.41
142.23
141.98
141.92
141.71
141.68
141.47
141.44
141.47
141.22
141.22
141.25
140.98
140.95
141.01
141.01
140.98
140.83
140.74
140.77
140.74
140.71
140.80
140.83
140.80
140.77
140.74
140.74
140.74
140.74
140.77
140.74
140.74
140.74
140.71
140.95
140.98
140.98
141.01
141.10
140.98
141.19
141.22
141.19
141.19
141.19
141.50
141.50
141.44
141.41
141.74
141.71
141.74
141.71
141.74
141.92
141.92
141.95
141.98
142.20
142.16
142.16
142.16
142.44
142.47
142.41
142.41
142.38
142.59
142.65
142.65
142.68
142.65
142.65
142.68
142.59
142.62
142.65
142.83
142.86
142.89
142.89
142.89
142.89
142.92
142.65
142.62
142.62
142.68
142.65
142.68
142.68
142.68
142.47
142.47
142.41
142.41
142.41
142.16
142.16
142.20
141.95
141.98
141.92
141.71
141.68
141.47
141.41
141.22
141.19
140.98
140.95
140.74
140.52
140.58
140.31
140.01
139.79
139.89
139.55
139.34
139.10
138.82
138.61
138.46
138.15
137.97
137.67
137.24
136.94
136.82
136.33
136.00
135.54
135.33
134.78
134.57
134.11
133.66
133.41
132.96
132.47
131.93
131.50
131.04
130.56
130.07
129.59
129.07
128.67
127.91
127.43
127.03
126.30
125.82
125.09
124.57
123.84
123.17
122.69
121.96
121.26
120.87
120.08
119.38
118.62
117.95
117.19
116.64
115.79
115.34
114.58
113.91
113.18
112.51
111.99
111.32
110.60
109.90
109.41
108.65
108.19
107.53
107.04
106.31
105.92
105.34
104.61
104.21
103.73
103.27
102.76
102.33
101.81
101.60
101.12
100.63
100.39
99.87
99.60
99.47
98.96
98.78
98.47
98.29
98.02
97.68
97.56
97.32
97.29
97.01
96.83
96.83
96.62
96.59
96.38
96.35
96.35
96.35
96.19
96.10
96.10
96.10
96.10
96.35
96.35
96.38
96.38
96.62
96.56
96.59
96.83
96.83
97.07
97.07
97.32
97.26
97.56
97.50
97.74
98.02
98.02
98.26
98.44
98.50
98.78
98.96
98.96
99.20
99.44
99.47
99.66
99.90
99.93
100.17
100.42
100.36
100.69
100.60
100.87
101.09
101.05
101.33
101.30
101.57
101.63
101.78
101.84
101.81
102.12
102.09
102.06
102.27
102.27
102.24
102.27
102.57
102.54
102.57
102.51
102.51
102.54
102.54
102.54
102.48
102.60
102.48
102.54
102.27
102.27
102.30
102.30
102.30
102.03
102.03
102.06
101.81
101.88
101.84
101.57
101.60
101.27
101.33
101.09
101.05
100.84
100.66
100.63
100.36
100.11
100.11
99.93
99.72
99.44
99.35
99.23
98.96
98.78
98.47
98.47
98.23
98.02
97.77
97.53
97.29
97.01
96.83
96.59
96.56
96.35
96.13
95.89
95.62
95.37
95.10
94.89
94.95
94.70
94.43
94.22
93.94
93.67
93.79
93.49
93.34
93.03
92.85
92.88
92.58
92.33
92.09
92.09
91.88
91.61
91.54
91.36
91.18
91.12
90.88
90.63
90.69
90.45
90.21
90.12
89.93
89.72
89.75
89.51
89.45
89.24
89.27
89.02
89.02
88.81
88.72
88.57
88.60
88.26
88.23
88.32
88.05
88.02
87.81
87.87
87.62
87.59
87.35
87.32
87.32
87.11
87.11
87.17
86.90
86.87
86.59
86.59
86.62
86.38
86.44
86.35
86.08
86.14
86.20
85.92
85.89
85.68
85.59
85.71
85.44
85.44
85.41
85.16
85.22
85.22
84.95
84.95
84.92
84.71
84.71
84.71
84.43
84.53
84.50
84.25
84.25
84.01
83.95
84.04
83.80
83.77
83.80
83.52
83.52
83.31
83.28
83.28
83.07
83.01
83.07
82.85
82.85
82.85
82.61
82.58
82.58
82.34
82.31
82.37
82.13
82.06
82.16
81.88
81.94
81.85
81.67
81.64
81.58
81.64
81.43
81.40
81.40
81.18
81.15
81.15
80.94
80.88
80.91
80.94
80.64
80.67
80.73
80.45
80.48
80.48
80.48
80.18
80.21
80.30
80.24
80.18
79.97
79.97
79.91
80.06
79.97
79.72
79.69
79.72
79.76
79.76
79.76
79.54
79.54
79.45
79.48
79.51
79.48
79.51
79.33
79.27
79.33
79.33
79.27
79.30
79.30
79.27
79.33
79.06
79.06
79.03
79.03
79.03
79.06
79.06
79.06
79.03
79.03
78.84
78.78
78.75
78.81
78.78
78.78
78.78
78.75
78.72
78.78
78.75
78.78
78.54
78.54
78.54
78.54
78.54
78.54
78.57
78.57
78.51
78.60
78.57
78.33
78.36
78.30
78.33
78.33
78.27
78.36
78.30
78.33
78.36
78.02
78.11
78.08
78.05
78.05
78.08
78.08
78.05
77.90
77.84
77.90
77.87
77.87
77.87
77.90
77.66
77.60
77.63
77.63
77.63
77.69
77.42
77.39
77.42
77.39
77.32
77.42
77.17
77.14
77.08
77.14
76.93
76.90
76.87
76.87
76.66
76.72
76.72
76.66
76.44
76.41
76.44
76.17
76.23
76.23
76.02
75.99
75.93
75.96
75.74
75.65
75.68
75.50
75.47
75.47
75.53
75.20
75.23
75.23
75.05
74.95
74.98
74.98
74.74
74.74
74.74
74.59
74.50
74.59
74.29
74.32
74.23
74.32
74.04
74.04
74.10
73.86
73.83
73.89
73.62
73.62
73.53
73.59
73.31
73.34
73.40
73.07
73.07
73.10
73.10
72.86
72.89
72.89
72.86
72.89
72.58
72.65
72.65
72.65
72.61
72.43
72.46
72.34
72.40
72.31
72.43
72.13
72.16
72.16
72.16
72.13
72.19
72.16
71.89
71.92
71.98
71.95
71.92
71.95
71.95
71.92
71.67
71.67
71.70
71.67
71.76
71.67
71.73
71.73
71.70
71.70
71.46
71.40
71.46
71.46
71.43
71.46
71.46
71.43
71.49
71.43
71.43
71.46
71.25
71.19
71.25
71.19
71.16
71.22
71.19
71.19
71.16
71.22
71.19
71.19
71.13
71.22
71.22
71.19
71.19
70.94
70.91
70.91
70.91
70.91
71.00
70.94
71.00
70.94
70.94
70.94
70.91
70.91
70.76
70.73
70.73
70.79
70.73
70.76
70.70
70.76
70.70
70.70
70.52
70.52
70.46
70.49
70.52
70.46
70.49
70.46
70.46
70.24
70.31
70.28
70.28
70.34
70.34
70.21
70.24
70.03
70.03
70.00
70.00
70.09
70.00
70.03
69.85
69.79
69.79
69.82
69.79
69.79
69.52
69.55
69.52
69.52
69.55
69.58
69.27
69.30
69.33
69.27
69.24
69.36
69.06
69.06
69.12
69.06
69.09
68.88
68.79
68.82
68.82
68.82
68.79
68.57
68.63
68.60
68.60
68.63
68.33
68.36
68.36
68.42
68.36
68.18
68.12
68.09
68.12
68.12
68.12
67.91
67.87
67.94
67.87
67.91
67.94
67.91
67.94
67.63
67.63
67.66
67.66
67.60
67.60
67.66
67.66
67.66
67.69
67.60
67.66
67.63
67.66
67.66
67.69
67.42
67.39
67.45
67.39
67.42
67.42
67.42
67.45
67.36
67.42
67.45
67.36
67.39
67.63
67.66
67.69
67.63
67.66
67.69
67.66
67.63
67.72
67.69
67.69
67.57
67.66
67.60
67.63
67.63
67.63
67.60
67.66
67.63
67.69
67.66
67.66
67.66
67.60
67.63
67.69
67.69
67.60
67.66
67.66
67.60
67.66
67.66
67.63
67.66
67.42
67.33
67.42
67.39
67.36
67.42
67.42
67.42
67.39
67.39
67.42
67.21
67.15
67.15
67.18
67.18
67.24
67.15
67.15
67.12
66.99
66.87
66.93
66.99
66.96
66.90
66.90
66.93
66.72
66.72
66.66
66.66
66.72
66.66
66.63
66.48
66.48
66.48
66.48
66.45
66.45
66.45
66.45
66.26
66.26
66.26
66.26
66.20
66.20
66.23
66.20
66.02
65.99
65.96
66.05
65.96
66.02
65.78
65.72
65.72
65.72
65.78
65.75
65.47
65.47
65.47
65.54
65.50
65.29
65.32
65.26
65.26
65.26
65.05
64.99
65.05
65.05
64.78
64.81
64.78
64.78
64.50
64.59
64.50
64.29
64.32
64.26
64.35
64.08
64.11
64.14
63.86
63.80
63.83
63.59
63.56
63.56
63.32
63.29
63.38
63.29
63.10
63.07
63.13
63.10
62.86
62.86
62.89
62.89
62.68
62.71
62.65
62.68
62.56
62.68
62.41
62.38
62.38
62.41
62.44
62.41
62.41
62.47
62.41
62.41
62.65
62.68
62.59
62.68
62.86
62.83
63.13
63.17
63.29
63.38
63.59
63.83
64.05
64.35
64.56
64.75
65.23
65.47
65.99
66.51
66.93
67.36
67.91
68.39
68.82
69.49
70.03
70.76
71.43
72.16
72.86
73.62
74.23
74.98
75.99
76.66
77.63
78.63
79.51
80.48
81.37
82.31
83.25
84.25
85.44
86.38
87.66
88.78
89.69
90.88
92.09
93.28
94.43
95.59
96.83
97.99
99.35
100.63
101.81
102.97
104.37
105.61
106.74
107.95
109.41
110.56
111.75
112.97
114.33
115.52
116.73
117.95
119.01
120.29
121.50
122.45
123.63
124.88
126.03
126.97
128.10
129.13
130.35
131.29
132.29
133.14
134.14
135.09
136.03
136.94
137.67
138.64
139.34
140.07
140.77
141.47
142.20
142.89
143.35
144.08
144.53
145.02
145.72
146.24
146.48
146.94
147.42
147.69
148.15
148.36
148.61
148.85
149.06
149.34
149.55
149.55
149.70
149.82
149.79
150.06
149.97
150.03
150.03
150.00
149.79
149.76
149.76
149.49
149.55
149.27
149.34
149.06
149.06
148.85
148.52
148.36
148.09
147.85
147.66
147.45
147.15
146.94
146.69
146.39
146.27
146.02
145.48
145.26
144.96
144.78
144.35
144.11
143.93
143.68
143.32
142.89
142.59
142.41
142.20
141.98
141.71
141.25
140.98
140.80
140.58
140.28
140.04
139.83
139.55
139.37
139.13
138.88
138.64
138.37
138.37
138.15
137.91
137.58
137.70
137.39
137.18
137.21
136.97
136.94
136.73
136.51
136.45
136.48
136.27
136.24
136.03
136.00
136.00
136.00
135.78
135.75
135.78
135.75
135.78
135.72
135.57
135.54
135.54
135.54
135.54
135.54
135.75
135.69
135.75
135.78
135.81
135.75
135.78
136.00
136.03
136.06
136.06
136.27
136.27
136.30
136.51
136.48
136.48
136.48
136.70
136.76
136.79
136.97
136.97
137.00
137.21
137.18
137.15
137.42
137.46
137.64
137.64
137.67
137.88
137.88
137.91
138.15
138.15
138.15
138.37
138.40
138.37
138.37
138.64
138.64
138.64
138.64
138.85
138.82
138.88
138.82
139.04
139.13
139.16
139.10
139.10
139.10
139.31
139.31
139.31
139.28
139.31
139.31
139.28
139.31
139.31
139.31
139.37
139.37
139.10
139.07
139.10
139.16
139.10
138.85
138.85
138.85
138.85
138.67
138.64
138.61
138.37
138.40
138.15
138.15
137.88
137.88
137.70
137.42
137.42
137.27
136.97
136.76
136.76
136.48
136.27
135.94
135.78
135.54
135.33
135.09
134.54
134.36
134.17
133.96
133.44
133.17
132.93
132.50
132.23
131.74
131.50
131.07
130.50
130.13
129.86
129.34
128.89
128.43
127.91
127.43
126.97
126.33
125.82
125.33
124.88
124.09
123.60
122.93
122.38
121.75
121.32
120.56
119.80
119.38
118.65
117.92
117.22
116.70
116.09
115.30
114.64
113.91
113.21
112.72
112.02
111.29
110.66
109.93
109.44
108.65
107.98
107.50
106.83
106.31
105.61
105.07
104.61
103.94
103.49
102.91
102.57
102.06
101.57
101.05
100.63
100.17
99.63
99.41
98.93
98.72
98.32
98.08
97.77
97.29
97.01
96.80
96.59
96.38
96.35
96.10
95.89
95.62
95.65
95.40
95.43
95.40
95.19
95.19
95.19
95.13
95.19
95.19
95.19
95.19
95.16
95.40
95.37
95.43
95.65
95.65
95.62
95.83
96.04
96.16
96.38
96.38
96.59
96.83
96.83
96.98
97.29
97.53
97.74
97.74
98.02
98.29
98.53
98.50
98.65
98.96
99.23
99.14
99.44
99.69
99.90
99.93
100.14
100.39
100.60
100.66
100.81
100.90
101.09
101.33
101.33
101.51
101.60
101.88
101.84
101.81
102.06
102.06
102.03
102.30
102.30
102.30
102.24
102.45
102.57
102.48
102.51
102.48
102.54
102.54
102.54
102.57
102.27
102.24
102.33
102.30
102.30
102.06
102.03
102.06
101.84
101.84
101.81
101.54
101.57
101.30
101.30
101.05
100.87
100.81
100.60
100.39
100.42
100.17
99.96
99.90
99.72
99.44
99.23
98.96
98.96
98.72
98.53
98.23
98.05
97.74
97.53
97.26
97.32
97.07
96.83
96.62
96.28
96.16
95.86
95.62
95.49
95.16
94.95
94.70
94.46
94.19
94.04
93.73
93.70
93.46
93.22
93.03
92.70
92.58
92.27
92.33
92.09
91.82
91.67
91.61
91.36
91.12
90.97
90.88
90.69
90.45
90.15
90.15
89.90
89.69
89.75
89.51
89.48
89.27
89.02
88.99
88.81
88.75
88.57
88.54
88.26
88.23
88.02
88.02
87.78
87.84
87.66
87.56
87.38
87.35
87.32
87.11
87.11
86.83
86.93
86.87
86.62
86.65
86.44
86.35
86.32
86.14
86.11
86.17
85.86
85.92
85.92
85.68
85.62
85.68
85.41
85.50
85.47
85.19
85.22
85.25
85.04
84.98
85.04
84.74
84.77
84.77
84.50
84.50
84.50
84.28
84.22
84.25
84.01
83.95
84.01
84.01
83.80
83.80
83.77
83.49
83.52
83.58
83.31
83.25
83.31
83.04
83.07
83.10
82.82
82.82
82.82
82.58
82.55
82.58
82.31
82.37
82.34
82.31
82.13
82.13
82.13
81.88
81.82
81.88
81.73
81.67
81.61
81.40
81.40
81.40
81.46
81.18
81.18
81.18
80.97
80.91
80.85
80.94
80.67
80.70
80.67
80.45
80.42
80.39
80.51
80.21
80.21
80.18
80.18
80.21
80.03
80.00
79.97
80.03
79.79
79.82
79.76
79.79
79.76
79.51
79.51
79.48
79.45
79.54
79.30
79.30
79.30
79.30
79.33
79.30
79.03
79.06
79.03
79.00
79.09
79.00
79.00
78.78
78.81
78.78
78.75
78.81
78.84
78.78
78.54
78.51
78.54
78.60
78.48
78.54
78.57
78.60
78.30
78.24
78.30
78.36
78.33
78.36
78.30
78.36
78.36
78.08
78.11
78.05
78.11
78.08
78.11
78.08
78.11
78.05
78.08
77.90
77.90
77.87
77.87
77.87
77.90
77.84
77.84
77.87
77.87
77.57
77.57
77.63
77.60
77.63
77.60
77.69
77.66
77.57
77.45
77.42
77.35
77.39
77.39
77.35
77.39
77.14
77.14
77.14
77.17
77.17
77.20
76.90
76.84
76.90
76.87
76.90
76.69
76.63
76.69
76.66
76.66
76.44
76.44
76.41
76.41
76.23
76.20
76.14
76.17
75.96
75.96
76.02
75.93
75.71
75.71
75.68
75.47
75.53
75.47
75.26
75.26
75.26
75.23
74.95
75.08
74.98
74.98
74.80
74.71
74.77
74.56
74.50
74.47
74.26
74.29
74.32
74.26
74.07
74.04
74.04
73.86
73.86
73.80
73.77
73.65
73.62
73.62
73.59
73.34
73.37
73.34
73.34
73.07
73.10
73.16
73.13
72.86
72.86
72.86
72.83
72.61
72.68
72.61
72.61
72.71
72.37
72.40
72.40
72.40
72.37
72.19
72.16
72.13
72.13
72.16
71.95
71.95
71.92
71.98
71.95
71.98
71.92
71.70
71.67
71.61
71.70
71.70
71.67
71.73
71.43
71.49
71.46
71.43
71.49
71.46
71.52
71.40
71.22
71.16
71.19
71.19
71.19
71.22
71.19
71.19
71.25
71.19
70.94
70.94
70.97
70.94
70.94
70.97
70.91
70.97
70.91
70.97
70.91
70.88
70.79
70.76
70.73
70.76
70.70
70.76
70.76
70.73
70.76
70.76
70.73
70.73
70.73
70.55
70.49
70.52
70.49
70.46
70.46
70.55
70.46
70.55
70.49
70.52
70.46
70.24
70.28
70.28
70.28
70.28
70.31
70.34
70.31
70.31
70.31
70.31
70.00
70.03
70.06
70.06
70.03
70.03
70.03
70.00
70.03
69.82
69.82
69.79
69.85
69.85
69.82
69.76
69.73
69.55
69.52
69.55
69.55
69.61
69.58
69.58
69.58
69.30
69.24
69.36
69.33
69.33
69.27
69.30
69.30
69.33
69.06
69.06
69.09
69.12
69.09
69.12
69.06
68.88
68.91
68.82
68.85
68.85
68.85
68.85
68.88
68.60
68.60
68.63
68.60
68.60
68.57
68.63
68.54
68.57
68.39
68.39
68.33
68.33
68.42
68.36
68.39
68.33
68.42
68.39
68.42
68.39
68.33
68.12
68.12
68.12
68.15
68.18
68.12
68.12
68.18
68.12
68.18
68.15
68.12
68.15
68.12
68.09
68.09
67.91
67.91
67.94
67.87
67.87
67.91
67.84
67.87
67.91
67.91
67.91
67.87
67.94
67.94
67.69
67.69
67.66
67.57
67.66
67.63
67.63
67.63
67.63
67.66
67.39
67.39
67.39
67.42
67.36
67.45
67.39
67.39
67.39
67.42
67.12
67.18
67.15
67.12
67.15
67.15
67.24
67.08
66.93
66.96
66.93
66.90
66.99
66.90
66.96
66.96
66.63
66.69
66.72
66.72
66.72
66.69
66.66
66.66
66.69
66.45
66.45
66.48
66.45
66.45
66.48
66.42
66.48
66.45
66.26
66.23
66.20
66.23
66.20
66.23
66.23
66.05
66.02
65.96
65.96
65.96
65.99
66.02
65.72
65.81
65.75
65.75
65.72
65.75
65.78
65.47
65.54
65.47
65.47
65.50
65.26
65.32
65.23
65.23
65.26
64.99
64.99
65.05
65.05
64.75
64.78
64.78
64.50
64.56
64.56
64.53
64.32
64.35
64.35
64.08
64.08
64.08
64.11
63.80
63.83
63.83
63.80
63.56
63.62
63.53
63.59
63.32
63.32
63.41
63.35
63.07
63.13
63.07
63.13
62.86
62.86
62.89
62.92
62.89
62.89
62.68
62.62
62.65
62.65
62.65
62.65
62.62
62.62
62.62
62.62
62.65
62.62
62.86
62.86
62.89
62.89
63.07
63.13
63.38
63.32
63.59
63.86
64.08
64.29
64.56
64.78
65.08
65.23
65.81
66.20
66.48
66.93
67.39
67.84
68.36
69.09
69.58
70.28
70.70
71.46
72.16
72.83
73.56
74.29
75.02
75.93
76.66
77.66
78.54
79.18
80.24
81.15
82.19
83.34
84.25
85.22
86.35
87.32
88.57
89.69
91.00
92.09
93.28
94.40
95.68
96.83
98.05
99.14
100.39
101.75
103.03
104.18
105.37
106.55
107.98
109.14
110.38
111.54
112.93
114.12
115.37
116.46
117.67
118.86
120.01
121.35
122.41
123.63
124.88
125.70
127.03
127.94
129.16
130.13
131.04
132.26
133.17
134.14
135.12
135.69
136.73
137.67
138.43
139.10
140.10
140.80
141.47
141.98
142.71
143.38
143.90
144.57
145.05
145.45
145.96
146.45
146.94
147.21
147.63
147.88
148.36
148.55
148.85
149.03
149.31
149.37
149.52
149.79
149.73
149.79
150.03
150.03
150.00
150.06
150.06
150.06
150.03
149.82
149.76
149.73
149.52
149.52
149.37
149.03
149.03
148.85
148.58
148.33
148.12
147.88
147.66
147.42
147.15
147.00
146.66
146.39
146.18
146.02
145.78
145.20
145.02
144.84
144.60
144.32
143.84
143.62
143.38
143.14
142.86
142.68
142.35
142.16
141.95
141.71
141.44
141.22
141.04
140.80
140.52
140.34
140.01
139.79
139.61
139.34
139.31
139.13
138.85
138.64
138.64
138.40
138.12
138.15
137.91
137.94
137.70
137.67
137.42
137.46
137.39
137.21
137.15
137.18
137.21
136.94
136.97
136.97
136.94
136.97
136.97
136.97
136.91
137.00
136.97
136.97
137.00
136.97
137.00
136.97
136.97
137.00
137.18
137.15
137.24
137.18
137.42
137.42
137.42
137.42
137.70
137.64
137.61
137.88
137.94
137.91
138.15
138.18
138.15
138.40
138.40
138.40
138.64
138.67
138.82
138.82
138.88
139.07
139.07
139.07
139.31
139.34
139.52
139.55
139.55
139.79
139.83
139.86
139.79
139.98
140.07
140.04
140.25
140.31
140.25
140.25
140.52
140.46
140.49
140.52
140.52
140.71
140.77
140.77
140.74
140.83
140.74
140.71
140.74
140.77
140.74
140.77
140.74
140.68
140.71
140.77
140.77
140.74
140.74
140.71
140.52
140.52
140.58
140.55
140.31
140.31
140.31
140.25
140.04
140.04
139.79
139.83
139.55
139.58
139.58
139.31
139.10
139.10
138.88
138.61
138.64
138.40
138.18
138.18
137.88
137.67
137.46
137.12
136.94
136.70
136.45
136.24
136.09
135.54
135.30
135.09
134.84
134.39
134.11
133.63
133.38
133.17
132.68
132.47
131.96
131.53
131.20
130.83
130.31
129.86
129.34
128.92
128.46
127.91
127.49
127.00
126.55
126.00
125.30
124.91
124.12
123.63
123.17
122.48
121.75
121.29
120.50
119.86
119.38
118.62
117.95
117.19
116.52
116.06
115.34
114.64
113.94
113.18
112.48
111.75
111.05
110.53
109.87
109.23
108.41
107.74
107.28
106.55
105.86
105.40
104.67
104.18
103.76
103.03
102.57
102.06
101.54
100.84
100.42
99.93
99.41
98.96
98.78
98.26
97.74
97.53
97.04
96.59
96.35
96.13
95.65
95.40
95.19
94.98
94.67
94.49
94.43
94.22
94.01
93.94
93.70
93.73
93.73
93.49
93.52
93.52
93.52
93.49
93.52
93.49
93.55
93.58
93.55
93.73
93.76
93.73
93.94
93.94
94.22
94.22
94.43
94.43
94.61
94.70
94.95
95.16
95.43
95.40
95.62
95.89
96.07
96.16
96.41
96.62
96.83
97.04
97.04
97.35
97.53
97.77
98.02
98.29
98.32
98.53
98.72
98.99
98.90
99.20
99.47
99.41
99.75
99.96
99.96
100.14
100.11
100.42
100.39
100.63
100.63
100.63
100.84
100.84
100.90
101.09
101.12
101.09
101.12
101.02
101.39
101.30
101.33
101.30
101.30
101.36
101.30
101.09
101.02
101.09
101.05
101.09
100.90
100.87
100.87
100.66
100.63
100.45
100.33
100.14
100.11
99.90
99.66
99.66
99.41
99.41
99.20
98.93
98.78
98.81
98.56
98.29
98.02
98.02
97.71
97.50
97.29
97.07
96.83
96.83
96.59
96.35
96.13
95.86
95.65
95.37
95.19
94.95
94.67
94.43
94.25
94.01
93.88
93.73
93.49
93.25
93.03
92.82
92.55
92.33
92.06
92.09
91.91
91.61
91.36
91.18
90.97
90.69
90.69
90.45
90.21
89.99
89.90
89.72
89.48
89.24
89.24
88.99
88.84
88.78
88.57
88.26
88.26
88.08
87.84
87.84
87.59
87.32
87.35
87.08
87.11
86.87
86.90
86.62
86.65
86.35
86.38
86.08
86.14
85.89
85.89
85.71
85.65
85.47
85.47
85.44
85.22
85.22
84.98
84.95
85.01
84.74
84.71
84.46
84.50
84.53
84.25
84.22
84.28
84.04
83.95
84.07
83.74
83.80
83.80
83.52
83.52
83.52
83.31
83.31
83.28
83.07
83.01
83.07
82.82
82.85
82.88
82.61
82.55
82.55
82.34
82.37
82.31
82.16
82.16
82.16
81.85
81.88
81.85
81.88
81.64
81.64
81.64
81.40
81.43
81.40
81.21
81.18
81.15
80.97
80.94
80.97
80.67
80.70
80.70
80.42
80.42
80.45
80.42
80.24
80.15
80.18
79.94
79.97
80.03
80.00
79.76
79.72
79.79
79.72
79.54
79.48
79.51
79.48
79.21
79.30
79.27
79.27
79.03
79.03
79.03
79.09
78.78
78.78
78.78
78.78
78.78
78.60
78.54
78.54
78.54
78.60
78.27
78.30
78.33
78.36
78.30
78.11
78.08
78.11
78.11
78.08
78.05
78.05
77.87
77.87
77.84
77.87
77.87
77.87
77.81
77.63
77.57
77.66
77.60
77.63
77.63
77.63
77.35
77.39
77.39
77.39
77.39
77.39
77.42
77.35
77.42
77.14
77.17
77.20
77.17
77.14
77.14
77.17
77.11
77.14
76.90
76.90
76.87
76.87
76.90
76.84
76.96
76.84
76.90
76.93
76.63
76.63
76.69
76.66
76.66
76.60
76.66
76.44
76.38
76.44
76.41
76.44
76.44
76.38
76.23
76.14
76.17
76.20
76.20
76.14
75.99
75.93
75.96
75.96
75.93
75.99
75.74
75.65
75.71
75.71
75.74
75.56
75.53
75.50
75.47
75.20
75.32
75.20
75.23
75.26
74.98
75.02
75.02
74.98
74.77
74.74
74.77
74.77
74.50
74.53
74.53
74.56
74.29
74.26
74.32
74.26
74.13
74.04
74.04
74.07
73.77
73.77
73.86
73.83
73.59
73.62
73.62
73.37
73.37
73.34
73.34
73.10
73.16
73.10
72.89
72.89
72.86
72.65
72.65
72.61
72.61
72.40
72.40
72.37
72.43
72.10
72.16
72.19
72.16
71.98
71.92
71.95
71.67
71.67
71.73
71.73
71.43
71.43
71.40
71.43
71.25
71.19
71.19
71.19
71.00
70.94
70.97
71.00
70.73
70.76
70.73
70.79
70.73
70.49
70.46
70.49
70.52
70.49
70.46
70.24
70.28
70.24
70.18
70.24
70.21
70.03
70.12
70.03
69.97
70.06
70.06
69.97
70.00
69.82
69.76
69.79
69.79
69.85
69.79
69.73
69.79
69.82
69.76
69.85
69.79
69.55
69.55
69.58
69.58
69.58
69.55
69.52
69.58
69.55
69.52
69.55
69.55
69.55
69.27
69.24
69.30
69.30
69.30
69.27
69.33
69.33
69.30
69.27
69.33
69.27
69.27
69.06
69.06
69.03
69.06
69.06
69.12
69.09
69.03
69.03
69.12
69.09
69.06
69.00
69.06
69.06
68.88
68.82
68.88
68.79
68.82
68.88
68.79
68.85
68.85
68.51
68.57
68.57
68.63
68.57
68.57
68.57
68.60
68.57
68.36
68.39
68.36
68.36
68.39
68.36
68.36
68.42
68.12
68.18
68.12
68.12
68.09
68.09
68.12
67.91
67.91
67.91
67.87
67.91
67.91
67.97
67.60
67.66
67.72
67.69
67.66
67.66
67.39
67.42
67.39
67.36
67.42
67.15
67.21
67.15
67.21
67.18
67.15
67.18
66.96
66.90
66.87
66.96
66.96
66.87
66.93
66.69
66.69
66.63
66.66
66.69
66.69
66.66
66.72
66.72
66.48
66.51
66.48
66.48
66.51
66.48
66.48
66.48
66.51
66.54
66.51
66.45
66.45
66.23
66.23
66.26
66.23
66.26
66.17
66.26
66.26
66.23
66.20
66.20
66.26
66.20
66.20
66.26
65.99
65.99
65.99
66.02
65.99
65.96
66.02
66.02
66.02
65.99
66.02
66.02
66.02
65.99
66.02
66.05
65.99
65.96
65.99
66.02
66.05
66.02
65.99
65.75
65.75
65.78
65.72
65.72
65.75
65.78
65.69
65.78
65.81
65.78
65.75
65.75
65.72
65.47
65.47
65.54
65.54
65.54
65.54
65.44
65.50
65.54
65.54
65.26
65.26
65.26
65.26
65.26
65.23
65.29
65.26
65.23
65.05
64.99
65.02
64.99
64.99
65.05
65.05
65.08
65.05
64.78
64.81
64.78
64.75
64.81
64.75
64.81
64.59
64.56
64.53
64.59
64.56
64.53
64.59
64.62
64.26
64.26
64.29
64.29
64.32
64.32
64.26
64.02
64.08
64.08
64.11
64.17
64.11
63.83
63.86
63.86
63.77
63.77
63.53
63.62
63.53
63.59
63.62
63.35
63.35
63.38
63.38
63.32
63.10
63.17
63.13
63.13
62.86
62.92
62.83
62.86
62.68
62.65
62.65
62.68
62.41
62.41
62.47
62.44
62.16
62.19
62.10
62.16
61.92
61.98
61.89
61.86
61.65
61.68
61.68
61.65
61.71
61.40
61.46
61.43
61.43
61.37
61.46
61.22
61.22
61.19
61.19
61.19
61.19
61.19
61.43
61.40
61.46
61.46
61.40
61.65
61.68
61.89
61.92
62.19
62.19
62.38
62.65
62.89
63.13
63.32
63.59
64.08
64.32
64.78
65.26
65.78
65.99
66.69
67.12
67.63
68.12
68.82
69.52
70.03
70.70
71.43
72.43
73.04
73.80
74.74
75.50
76.41
77.42
78.30
79.00
79.94
81.18
82.06
83.07
84.01
85.22
86.14
87.35
88.26
89.51
90.63
91.85
93.06
94.28
95.34
96.83
98.05
99.20
100.36
101.84
102.94
104.18
105.22
106.58
107.92
109.20
110.32
111.51
112.63
113.88
115.00
116.25
117.43
118.43
119.56
120.80
121.96
123.14
124.12
125.33
126.21
127.52
128.37
129.34
130.28
131.50
132.23
133.26
134.14
135.09
135.78
136.76
137.46
138.18
138.82
139.55
140.34
140.74
141.47
142.01
142.68
143.11
143.65
144.11
144.53
145.02
145.26
145.81
145.96
146.45
146.69
146.90
147.18
147.39
147.66
147.66
147.94
147.88
148.12
148.12
148.36
148.42
148.39
148.36
148.33
148.36
148.36
148.33
148.12
148.15
147.82
147.88
147.66
147.69
147.39
147.18
147.12
146.97
146.72
146.42
146.24
145.99
145.96
145.75
145.54
145.32
145.02
144.78
144.63
144.35
144.08
143.84
143.59
143.35
143.11
142.89
142.68
142.47
142.20
141.92
141.77
141.50
141.25
140.98
140.77
140.74
140.55
140.31
140.04
139.86
139.58
139.28
139.31
139.13
138.82
138.64
138.64
138.46
138.15
138.18
137.94
137.67
137.64
137.46
137.42
137.24
137.21
136.97
136.97
136.97
136.76
136.76
136.79
136.48
136.51
136.48
136.48
136.54
136.27
136.24
136.24
136.27
136.24
136.27
136.27
136.30
136.27
136.30
136.27
136.30
136.30
136.27
136.24
136.48
136.51
136.48
136.51
136.51
136.45
136.76
136.73
136.70
136.73
137.00
136.94
137.00
136.97
137.24
137.18
137.18
137.27
137.46
137.42
137.39
137.46
137.64
137.67
137.73
137.61
137.94
137.91
137.94
137.91
138.15
138.15
138.21
138.15
138.21
138.18
138.43
138.40
138.43
138.37
138.43
138.34
138.40
138.40
138.61
138.61
138.64
138.64
138.64
138.61
138.61
138.70
138.37
138.40
138.40
138.34
138.37
138.40
138.40
138.46
138.37
138.18
138.18
138.15
138.12
138.09
137.85
137.88
137.88
137.67
137.70
137.46
137.49
137.52
137.21
137.21
136.97
136.94
136.70
136.51
136.51
136.24
136.27
136.06
135.75
135.81
135.51
135.30
135.05
134.81
134.84
134.60
134.36
134.14
133.87
133.63
133.44
132.96
132.72
132.47
132.20
131.99
131.47
131.23
130.98
130.56
130.31
129.80
129.65
129.16
128.92
128.46
127.98
127.70
127.22
126.79
126.27
125.85
125.33
124.88
124.33
123.84
123.17
122.75
122.14
121.72
120.99
120.50
120.04
119.44
118.86
118.19
117.71
117.04
116.19
115.61
115.06
114.42
113.66
112.93
112.48
111.72
111.02
110.35
109.84
109.20
108.41
108.01
107.22
106.83
106.10
105.64
104.85
104.43
103.88
103.30
102.73
102.33
101.75
101.30
100.84
100.42
99.90
99.47
98.96
98.47
98.23
97.74
97.29
97.23
96.62
96.35
95.86
95.68
95.37
95.13
94.89
94.73
94.46
94.22
93.91
93.94
93.70
93.55
93.52
93.25
93.25
93.25
93.03
93.03
93.00
92.82
92.82
92.85
92.73
92.85
92.79
92.79
93.00
93.03
93.06
93.22
93.22
93.31
93.46
93.46
93.73
94.01
93.94
94.25
94.25
94.40
94.46
94.67
94.95
94.98
95.22
95.19
95.40
95.43
95.65
95.89
95.83
96.10
96.35
96.41
96.59
96.80
96.83
97.07
97.32
97.29
97.50
97.56
97.77
98.05
98.02
98.08
98.23
98.26
98.47
98.47
98.50
98.75
98.75
98.78
98.72
98.72
98.96
98.96
98.96
98.96
98.93
98.99
98.90
98.96
99.02
98.96
98.96
98.93
98.68
98.68
98.72
98.78
98.53
98.53
98.53
98.50
98.29
98.23
98.02
97.99
97.74
97.77
97.53
97.56
97.26
97.26
97.04
96.83
96.86
96.59
96.35
96.10
96.16
95.86
95.65
95.46
95.13
95.19
94.95
94.70
94.43
94.43
94.25
93.98
93.73
93.73
93.52
93.28
93.06
92.79
92.79
92.55
92.33
92.06
92.09
91.79
91.61
91.33
91.36
91.09
90.88
90.63
90.48
90.39
90.21
89.96
89.72
89.69
89.48
89.24
89.27
89.02
88.75
88.78
88.57
88.29
88.26
88.05
87.84
87.81
87.59
87.35
87.38
87.11
86.80
86.87
86.68
86.38
86.35
86.11
86.14
85.89
85.95
85.65
85.62
85.47
85.44
85.22
85.22
84.98
85.04
84.71
84.77
84.43
84.50
84.46
84.25
84.22
84.04
83.98
84.07
83.80
83.80
83.52
83.52
83.52
83.34
83.34
83.28
83.13
83.10
82.76
82.82
82.92
82.61
82.55
82.61
82.31
82.31
82.40
82.13
82.13
82.16
81.97
81.91
81.85
81.70
81.61
81.64
81.40
81.40
81.46
81.18
81.18
81.18
80.91
80.97
80.94
80.67
80.67
80.61
80.48
80.42
80.42
80.21
80.21
80.24
80.00
80.00
79.97
79.76
79.69
79.72
79.57
79.54
79.48
79.45
79.27
79.30
79.18
79.06
79.09
79.00
79.00
78.78
78.78
78.75
78.78
78.42
78.51
78.60
78.39
78.36
78.30
78.05
78.05
78.05
77.84
77.81
77.81
77.66
77.57
77.57
77.42
77.39
77.42
77.39
77.39
77.14
77.14
77.17
77.14
77.14
76.90
76.90
76.90
76.87
76.87
76.60
76.63
76.63
76.60
76.41
76.44
76.41
76.50
76.41
76.23
76.20
76.17
76.20
76.20
76.23
75.93
75.99
75.96
75.99
75.93
75.99
75.96
76.02
75.71
75.74
75.71
75.68
75.74
75.68
75.71
75.74
75.74
75.47
75.50
75.44
75.44
75.50
75.47
75.50
75.50
75.44
75.53
75.26
75.20
75.26
75.23
75.23
75.23
75.29
75.26
75.26
75.23
75.20
74.98
74.92
74.98
74.92
74.95
74.95
75.05
74.98
75.02
74.95
74.98
75.02
74.95
74.80
74.74
74.74
74.71
74.83
74.74
74.77
74.50
74.53
74.50
74.50
74.53
74.47
74.32
74.32
74.32
74.29
74.26
74.10
74.01
74.10
74.07
74.10
73.80
73.80
73.89
73.83
73.59
73.59
73.59
73.59
73.40
73.34
73.31
73.37
73.13
73.10
73.13
73.13
72.83
72.86
72.83
72.83
72.65
72.65
72.65
72.34
72.40
72.37
72.34
72.16
72.19
72.13
72.13
71.89
71.86
71.89
71.92
71.67
71.70
71.73
71.46
71.46
71.43
71.19
71.19
71.16
70.97
70.94
70.91
70.94
70.73
70.76
70.70
70.52
70.46
70.55
70.31
70.28
70.24
70.28
70.06
70.06
70.03
70.03
70.06
69.79
69.79
69.85
69.73
69.58
69.58
69.55
69.55
69.52
69.30
69.24
69.27
69.27
69.33
69.27
69.06
69.06
69.03
69.03
69.06
69.00
68.82
68.82
68.82
68.88
68.82
68.79
68.85
68.57
68.60
68.51
68.60
68.60
68.57
68.54
68.60
68.63
68.57
68.42
68.39
68.39
68.39
68.30
68.36
68.39
68.36
68.33
68.39
68.36
68.36
68.39
68.36
68.39
68.15
68.18
68.12
68.15
68.15
68.15
68.15
68.12
68.15
68.09
68.15
68.09
68.09
67.87
67.91
67.94
67.87
67.91
67.87
67.94
67.87
67.94
67.87
67.91
67.91
67.87
67.63
67.66
67.66
67.63
67.66
67.66
67.66
67.69
67.60
67.69
67.63
67.39
67.42
67.42
67.42
67.39
67.42
67.42
67.42
67.39
67.36
67.18
67.18
67.15
67.21
67.12
67.21
67.18
67.12
66.93
66.96
66.87
66.96
66.96
66.93
66.90
66.90
66.69
66.72
66.69
66.69
66.69
66.66
66.69
66.51
66.48
66.51
66.48
66.45
66.23
66.23
66.20
66.20
66.20
66.20
66.02
65.99
65.99
65.96
66.05
65.72
65.78
65.81
65.72
65.78
65.50
65.47
65.57
65.44
65.54
65.26
65.23
65.20
65.26
65.26
65.29
65.08
65.05
65.02
65.05
64.99
64.81
64.78
64.75
64.84
64.81
64.81
64.53
64.50
64.59
64.56
64.56
64.50
64.35
64.32
64.29
64.32
64.29
64.29
64.35
64.29
64.35
64.08
64.14
64.08
64.11
64.11
64.05
64.08
64.11
64.08
64.08
64.08
64.14
64.08
64.08
64.14
64.14
64.11
64.08
64.05
64.11
64.08
64.08
64.11
64.08
64.14
64.11
64.11
64.14
64.08
64.08
64.11
64.08
64.08
64.17
64.02
64.11
64.08
64.08
64.08
64.05
64.14
64.08
64.05
64.11
64.05
64.11
64.14
64.14
64.11
64.17
64.14
64.08
64.08
64.08
64.11
64.14
64.11
64.08
64.08
64.08
64.11
64.11
64.11
64.11
64.08
64.08
64.05
64.05
64.11
64.05
64.08
63.86
63.83
63.80
63.86
63.83
63.80
63.83
63.83
63.80
63.80
63.62
63.53
63.59
63.59
63.59
63.56
63.56
63.56
63.56
63.62
63.32
63.38
63.32
63.38
63.41
63.32
63.35
63.35
63.35
63.38
63.38
63.04
63.04
63.17
63.13
63.13
63.17
63.10
63.13
62.89
62.92
62.86
62.83
62.89
62.89
62.86
62.65
62.62
62.62
62.68
62.68
62.62
62.65
62.44
62.44
62.41
62.44
62.41
62.31
62.16
62.16
62.19
62.19
62.13
61.95
61.95
61.95
61.92
61.71
61.65
61.68
61.62
61.40
61.40
61.49
61.16
61.22
61.25
60.95
60.98
60.98
60.98
60.73
60.70
60.73
60.52
60.49
60.49
60.52
60.31
60.34
60.31
60.07
60.01
60.04
60.07
59.79
59.76
59.76
59.79
59.76
59.52
59.52
59.55
59.58
59.55
59.58
59.31
59.37
59.34
59.31
59.31
59.34
59.34
59.31
59.52
59.55
59.55
59.55
59.76
59.82
60.07
60.04
60.28
60.28
60.55
60.73
61.01
61.22
61.40
61.65
62.22
62.41
62.83
63.10
63.62
64.11
64.53
65.08
65.47
66.26
66.69
67.42
68.12
68.57
69.30
70.28
70.97
71.73
72.43
73.34
74.29
74.95
75.96
76.90
77.81
78.78
79.69
80.94
81.85
82.85
84.01
85.01
86.17
87.35
88.29
89.48
90.72
91.82
93.00
94.25
95.40
96.56
97.77
98.96
100.42
101.57
102.73
103.97
105.13
106.25
107.53
108.68
109.81
111.02
112.27
113.45
114.58
115.79
116.79
117.98
119.19
120.04
121.32
122.20
123.42
124.36
125.33
126.27
127.25
128.19
129.16
130.07
131.04
131.77
132.65
133.44
134.11
135.09
135.72
136.48
137.21
137.67
138.40
138.94
139.55
140.07
140.52
140.95
141.41
142.01
142.41
142.65
143.11
143.41
143.87
144.08
144.29
144.57
144.81
144.81
145.02
145.29
145.29
145.60
145.51
145.48
145.75
145.72
145.75
145.78
145.78
145.72
145.69
145.51
145.51
145.54
145.23
145.17
145.11
144.99
144.78
144.60
144.57
144.38
144.11
143.84
143.81
143.62
143.38
143.11
142.86
142.59
142.41
142.16
142.01
141.74
141.50
141.19
141.01
140.71
140.52
140.31
140.10
139.83
139.58
139.58
139.34
139.10
138.85
138.64
138.40
138.12
137.94
137.76
137.46
137.49
137.15
137.00
136.76
136.51
136.48
136.27
136.06
136.00
135.78
135.54
135.51
135.27
135.09
135.09
134.81
134.84
134.57
134.57
134.36
134.42
134.45
134.11
134.11
134.14
133.87
133.84
133.90
133.84
133.66
133.63
133.60
133.66
133.63
133.63
133.66
133.66
133.66
133.66
133.66
133.66
133.60
133.66
133.63
133.69
133.63
133.66
133.69
133.63
133.63
133.66
133.69
133.63
133.66
133.66
133.63
133.90
133.96
133.90
133.84
133.84
133.87
133.87
134.14
134.14
134.08
134.11
134.14
134.05
134.39
134.39
134.39
134.39
134.39
134.36
134.39
134.36
134.63
134.63
134.60
134.63
134.63
134.66
134.63
134.60
134.57
134.60
134.60
134.81
134.84
134.84
134.84
134.87
134.84
134.84
134.84
134.60
134.60
134.60
134.66
134.63
134.57
134.60
134.54
134.57
134.45
134.36
134.39
134.39
134.14
134.14
134.17
133.87
133.81
133.90
133.63
133.66
133.41
133.38
133.14
133.11
132.96
132.93
132.68
132.72
132.44
132.23
132.23
131.96
131.74
131.74
131.59
131.32
130.98
130.80
130.50
130.35
130.07
129.86
129.56
129.34
129.10
128.89
128.43
128.13
127.98
127.43
127.28
127.03
126.49
126.24
125.82
125.36
125.09
124.66
124.12
123.63
123.39
122.96
122.41
121.93
121.53
121.08
120.56
119.86
119.38
118.92
118.46
117.67
117.25
116.52
115.97
115.30
114.88
114.12
113.72
112.93
112.45
111.78
111.08
110.56
109.93
109.41
108.68
107.95
107.53
106.83
106.34
105.61
105.13
104.40
103.97
103.46
102.73
102.27
101.88
101.36
100.60
100.14
99.69
99.20
98.72
98.20
97.86
97.50
97.10
96.62
96.10
95.89
95.43
95.19
94.67
94.49
94.19
93.70
93.52
93.28
93.03
92.82
92.61
92.52
92.30
92.00
92.09
91.88
91.79
91.61
91.64
91.39
91.36
91.36
91.36
91.15
91.18
91.09
91.15
91.15
91.18
91.18
91.36
91.39
91.42
91.36
91.36
91.57
91.61
91.64
91.85
91.85
92.06
92.06
92.33
92.33
92.64
92.52
92.79
92.82
93.03
93.00
93.31
93.22
93.46
93.46
93.73
93.94
93.91
94.19
94.25
94.49
94.49
94.64
94.73
94.95
94.95
95.16
95.16
95.37
95.43
95.59
95.65
95.65
95.86
95.80
95.89
96.10
96.10
96.13
96.35
96.31
96.28
96.35
96.38
96.38
96.65
96.59
96.56
96.59
96.65
96.59
96.31
96.38
96.35
96.35
96.38
96.38
96.16
96.10
96.16
96.10
95.92
95.89
95.62
95.62
95.68
95.40
95.40
95.16
95.16
94.89
94.92
94.73
94.43
94.46
94.25
93.98
93.94
93.73
93.49
93.49
93.28
93.03
92.76
92.79
92.52
92.33
92.06
92.06
91.82
91.57
91.42
91.21
91.21
90.91
90.72
90.45
90.24
90.21
89.93
89.69
89.51
89.45
89.24
88.99
88.78
88.57
88.57
88.26
88.05
87.87
87.84
87.62
87.35
87.14
87.11
86.96
86.71
86.62
86.38
86.11
86.11
85.89
85.71
85.65
85.44
85.22
85.22
84.98
84.95
84.74
84.71
84.43
84.46
84.28
84.28
84.04
84.01
83.80
83.80
83.58
83.55
83.28
83.31
83.10
83.07
83.13
82.85
82.85
82.61
82.55
82.34
82.34
82.37
82.16
82.19
82.13
81.94
81.91
81.91
81.64
81.64
81.43
81.43
81.46
81.18
81.18
81.18
80.94
80.94
80.97
80.67
80.67
80.70
80.48
80.45
80.24
80.27
80.24
79.97
79.97
80.03
79.76
79.76
79.82
79.51
79.57
79.51
79.27
79.30
79.27
79.03
79.06
79.06
78.78
78.75
78.78
78.54
78.60
78.51
78.30
78.36
78.30
78.08
78.08
78.05
77.84
77.84
77.84
77.63
77.66
77.63
77.42
77.39
77.39
77.17
77.14
77.14
76.90
76.90
76.93
76.87
76.66
76.66
76.72
76.38
76.44
76.44
76.41
76.20
76.17
76.23
75.99
75.99
75.96
75.96
75.74
75.74
75.74
75.74
75.56
75.53
75.50
75.53
75.23
75.23
75.26
75.29
75.29
74.98
74.98
74.98
75.08
75.02
74.74
74.68
74.77
74.77
74.74
74.77
74.47
74.47
74.53
74.56
74.53
74.53
74.32
74.29
74.32
74.35
74.29
74.29
74.29
74.29
74.10
74.04
74.13
74.07
74.04
74.10
74.07
73.80
73.83
73.83
73.83
73.86
73.80
73.77
73.86
73.83
73.62
73.62
73.68
73.62
73.59
73.59
73.62
73.56
73.59
73.62
73.59
73.37
73.31
73.37
73.34
73.31
73.31
73.34
73.37
73.37
73.34
73.10
73.10
73.04
73.10
73.10
73.13
73.13
73.13
72.83
72.86
72.86
72.83
72.89
72.86
72.92
72.86
72.65
72.68
72.65
72.65
72.58
72.37
72.37
72.40
72.37
72.37
72.43
72.16
72.19
72.16
72.13
72.22
71.98
72.01
71.98
71.92
71.86
71.73
71.67
71.64
71.70
71.52
71.49
71.43
71.46
71.46
71.19
71.19
71.19
71.22
70.97
70.97
70.97
70.73
70.70
70.73
70.67
70.46
70.46
70.52
70.55
70.28
70.21
70.31
70.24
70.03
70.06
70.06
70.00
69.79
69.85
69.85
69.82
69.55
69.58
69.52
69.61
69.33
69.27
69.36
69.33
69.06
69.06
69.06
68.88
68.79
68.88
68.91
68.57
68.57
68.63
68.57
68.36
68.30
68.45
68.36
68.15
68.09
68.15
68.12
68.12
67.87
67.91
67.87
67.94
67.97
67.66
67.66
67.66
67.66
67.69
67.66
67.39
67.42
67.36
67.45
67.42
67.39
67.42
67.15
67.15
67.18
67.21
67.18
67.18
66.96
66.93
66.93
66.96
66.93
66.93
66.90
66.90
66.99
66.66
66.66
66.72
66.66
66.72
66.66
66.72
66.69
66.75
66.75
66.69
66.75
66.45
66.45
66.51
66.42
66.48
66.48
66.48
66.45
66.48
66.42
66.51
66.20
66.20
66.23
66.23
66.23
66.26
66.20
66.23
66.26
66.29
66.26
66.20
66.23
65.96
65.99
65.96
65.99
65.96
66.02
66.02
66.02
65.99
65.99
65.72
65.78
65.81
65.75
65.75
65.78
65.81
65.81
65.81
65.47
65.47
65.47
65.54
65.47
65.50
65.50
65.47
65.50
65.47
65.23
65.26
65.26
65.29
65.26
65.29
65.29
65.32
64.99
65.05
65.02
65.08
65.05
65.11
64.84
64.78
64.87
64.71
64.81
64.78
64.81
64.53
64.59
64.59
64.56
64.56
64.62
64.35
64.32
64.32
64.32
64.29
64.32
64.14
64.05
64.05
64.08
64.08
64.11
63.83
63.83
63.83
63.80
63.77
63.89
63.56
63.53
63.59
63.59
63.62
63.56
63.56
63.41
63.41
63.32
63.32
63.38
63.35
63.38
63.35
63.13
63.17
63.17
63.13
63.07
63.13
63.10
63.10
63.17
63.07
63.13
62.89
62.92
62.86
62.89
62.89
62.89
62.83
62.92
62.92
62.89
62.86
62.92
62.83
62.89
62.83
62.89
62.86
62.86
62.80
62.92
62.86
62.92
62.89
62.89
62.92
62.83
62.86
62.89
62.89
62.83
62.89
62.89
62.86
62.86
62.89
62.83
62.86
62.86
62.89
62.86
62.92
62.86
62.83
62.89
62.86
62.89
62.89
62.92
62.89
62.92
62.83
62.92
62.86
62.83
62.92
62.86
62.89
62.89
62.86
62.89
62.65
62.56
62.74
62.65
62.59
62.65
62.65
62.65
62.68
62.68
62.62
62.65
62.62
62.47
62.44
62.38
62.41
62.44
62.44
62.47
62.44
62.44
62.16
62.13
62.19
62.22
62.22
62.19
62.16
61.95
62.01
61.95
61.95
61.98
62.01
61.71
61.71
61.71
61.71
61.62
61.71
61.46
61.46
61.52
61.49
61.43
61.49
61.46
61.19
61.25
61.19
61.22
61.19
61.25
61.04
60.92
61.01
60.95
61.04
61.01
60.73
60.80
60.70
60.76
60.73
60.52
60.52
60.49
60.52
60.52
60.43
60.28
60.25
60.25
60.31
60.34
60.07
60.04
60.07
60.10
60.04
59.76
59.76
59.76
59.79
59.82
59.58
59.52
59.52
59.58
59.31
59.31
59.31
59.34
59.00
59.12
59.06
58.82
58.82
58.88
58.85
58.61
58.64
58.55
58.58
58.39
58.46
58.39
58.43
58.36
58.18
58.18
58.18
58.12
58.12
58.18
57.94
57.88
57.91
57.88
57.88
57.91
57.85
57.85
57.91
58.18
58.21
58.18
58.21
58.39
58.39
58.46
58.64
58.61
58.82
59.09
59.31
59.31
59.52
59.82
60.19
60.55
60.80
61.22
61.46
61.98
62.41
62.89
63.38
63.83
64.35
64.78
65.50
66.23
66.72
67.42
68.18
68.88
69.79
70.49
71.22
72.22
72.83
73.83
74.74
75.68
76.72
77.63
78.54
79.48
80.48
81.46
82.58
83.52
84.77
85.65
86.90
88.02
89.24
90.15
91.36
92.58
93.73
94.95
96.13
97.35
98.53
99.69
100.78
102.06
103.24
104.43
105.61
106.77
108.04
108.89
110.05
111.32
112.51
113.36
114.58
115.58
116.70
117.71
118.65
119.53
120.80
121.81
122.69
123.66
124.63
125.39
126.24
127.22
127.91
128.92
129.65
130.38
131.29
131.93
132.68
133.20
133.90
134.63
135.05
135.78
136.27
136.73
137.18
137.67
138.12
138.61
139.07
139.34
139.79
140.07
140.34
140.52
140.80
140.95
141.22
141.50
141.44
141.74
141.95
141.89
141.98
142.20
142.20
142.20
142.16
142.26
142.20
142.16
141.95
141.98
141.98
141.98
141.71
141.74
141.53
141.47
141.22
140.95
141.01
140.74
140.49
140.28
140.22
140.07
139.79
139.52
139.31
139.07
138.91
138.61
138.40
138.15
137.91
137.70
137.42
137.24
137.00
136.79
136.48
136.30
136.03
135.84
135.57
135.33
135.05
134.81
134.57
134.39
134.11
134.14
133.87
133.66
133.38
133.17
132.99
132.99
132.68
132.50
132.50
132.20
131.96
131.96
131.74
131.71
131.53
131.53
131.23
131.35
131.04
131.07
130.77
130.80
130.80
130.59
130.56
130.59
130.35
130.38
130.28
130.07
130.04
130.10
130.04
130.07
129.83
129.83
129.83
129.83
129.86
129.83
129.80
129.83
129.86
129.83
129.86
129.86
129.83
129.86
129.83
129.77
129.83
129.83
129.86
129.83
129.80
129.83
129.83
129.83
129.83
129.83
130.13
130.13
130.10
130.13
130.04
130.04
130.07
130.13
130.07
130.07
130.04
130.07
130.35
130.31
130.38
130.28
130.35
130.38
130.31
130.31
130.28
130.31
130.35
130.35
130.31
130.35
130.38
130.35
130.35
130.35
130.35
130.28
130.31
130.35
130.31
130.31
130.35
130.31
130.31
130.35
130.35
130.35
130.28
130.10
130.07
130.10
130.07
130.07
129.86
129.86
129.83
129.86
129.59
129.59
129.65
129.37
129.37
129.10
129.16
129.13
128.92
128.95
128.67
128.67
128.37
128.19
128.19
127.91
127.70
127.76
127.46
127.25
127.03
127.03
126.79
126.49
126.27
126.06
125.76
125.57
125.12
124.85
124.57
124.30
124.03
123.63
123.45
122.96
122.72
122.41
121.93
121.47
121.26
120.83
120.53
120.04
119.65
119.19
118.68
118.16
117.71
117.25
116.73
116.25
115.82
115.06
114.61
114.15
113.48
113.00
112.45
111.75
111.32
110.53
110.14
109.41
108.68
108.19
107.53
107.04
106.28
105.61
105.19
104.46
103.91
103.27
102.76
102.00
101.63
101.02
100.39
99.93
99.47
98.68
98.29
97.77
97.32
96.83
96.41
95.92
95.31
94.95
94.46
94.01
93.73
93.22
92.79
92.58
92.30
91.88
91.64
91.36
91.21
90.63
90.48
90.21
90.21
89.90
89.75
89.42
89.48
89.24
89.17
89.05
88.96
88.78
88.75
88.69
88.87
88.81
88.51
88.51
88.60
88.57
88.54
88.78
88.75
88.78
88.72
88.69
89.02
88.99
88.99
89.24
89.24
89.45
89.48
89.69
89.72
89.90
89.93
90.15
90.48
90.48
90.66
90.69
90.94
91.12
91.15
91.33
91.64
91.61
91.82
91.82
92.09
92.33
92.33
92.58
92.58
92.79
92.82
93.03
93.03
93.28
93.31
93.49
93.49
93.76
93.79
93.98
93.98
94.01
94.28
94.22
94.25
94.49
94.49
94.46
94.46
94.40
94.46
94.49
94.70
94.73
94.70
94.67
94.64
94.49
94.43
94.46
94.46
94.40
94.43
94.22
94.19
94.22
94.25
93.98
93.94
93.98
93.67
93.70
93.52
93.49
93.31
93.25
93.03
93.03
92.82
92.79
92.58
92.36
92.36
92.00
91.79
91.85
91.57
91.36
91.36
91.12
90.88
90.69
90.66
90.42
90.12
89.93
89.93
89.72
89.45
89.24
88.99
88.99
88.75
88.54
88.29
88.02
88.05
87.84
87.53
87.35
87.38
87.14
86.93
86.65
86.38
86.38
86.17
85.83
85.95
85.68
85.47
85.22
85.22
84.98
84.77
84.80
84.50
84.25
84.25
84.04
84.04
83.80
83.58
83.52
83.31
83.25
83.16
83.07
82.82
82.92
82.61
82.61
82.31
82.31
82.16
82.13
82.16
81.91
81.88
81.70
81.64
81.67
81.40
81.40
81.21
81.15
81.09
80.94
80.91
80.67
80.70
80.67
80.45
80.45
80.45
80.21
80.27
79.97
80.00
79.97
79.76
79.76
79.79
79.51
79.48
79.54
79.30
79.30
79.33
79.09
79.06
79.06
78.78
78.81
78.75
78.54
78.57
78.51
78.36
78.36
78.30
78.11
78.05
78.08
77.90
77.87
77.87
77.57
77.63
77.66
77.39
77.35
77.35
77.14
77.14
76.93
76.90
76.84
76.66
76.69
76.63
76.41
76.41
76.47
76.17
76.23
76.23
75.99
75.99
75.99
75.74
75.71
75.50
75.53
75.50
75.47
75.29
75.23
75.23
74.95
75.02
75.05
74.77
74.77
74.77
74.80
74.59
74.53
74.47
74.47
74.35
74.26
74.32
74.29
74.10
74.04
74.04
74.07
73.83
73.80
73.86
73.86
73.62
73.59
73.68
73.62
73.62
73.37
73.31
73.37
73.34
73.31
73.31
73.10
73.13
73.07
73.10
73.13
73.04
73.10
72.86
72.89
72.92
72.89
72.89
72.89
72.86
72.86
72.86
72.86
72.65
72.65
72.61
72.68
72.71
72.61
72.61
72.61
72.65
72.71
72.68
72.58
72.61
72.43
72.40
72.37
72.31
72.46
72.40
72.40
72.37
72.34
72.37
72.34
72.37
72.43
72.16
72.25
72.16
72.16
72.19
72.16
72.16
72.19
72.22
72.13
72.16
71.95
71.92
71.95
71.92
71.92
71.95
71.95
71.92
71.95
71.67
71.67
71.67
71.73
71.73
71.64
71.70
71.46
71.46
71.40
71.43
71.49
71.43
71.43
71.22
71.16
71.19
71.22
71.19
70.91
70.91
70.91
70.88
70.88
70.73
70.76
70.70
70.73
70.76
70.43
70.49
70.49
70.52
70.18
70.24
70.28
70.28
70.24
70.00
69.97
70.06
70.03
69.73
69.82
69.79
69.82
69.52
69.52
69.61
69.58
69.30
69.27
69.30
69.00
69.06
69.03
69.12
68.85
68.82
68.79
68.76
68.60
68.63
68.57
68.33
68.36
68.33
68.36
68.15
68.12
68.15
68.09
67.91
67.91
67.84
67.87
67.66
67.60
67.63
67.63
67.42
67.42
67.42
67.39
67.15
67.24
67.18
67.12
66.90
66.96
66.99
66.87
66.93
66.69
66.69
66.63
66.72
66.66
66.45
66.48
66.48
66.45
66.48
66.45
66.20
66.20
66.20
66.26
66.26
66.23
66.02
65.96
66.05
65.99
65.96
65.93
65.99
65.90
65.78
65.78
65.75
65.72
65.78
65.78
65.75
65.75
65.72
65.75
65.69
65.81
65.57
65.44
65.57
65.54
65.50
65.47
65.47
65.50
65.44
65.47
65.54
65.44
65.60
65.29
65.23
65.23
65.29
65.26
65.29
65.29
65.26
65.26
65.26
65.26
65.29
65.23
65.26
65.29
65.26
65.26
65.26
65.02
65.02
65.02
65.05
65.05
65.05
65.05
65.02
65.02
65.05
65.05
65.05
65.08
65.02
64.78
64.71
64.75
64.78
64.78
64.84
64.81
64.81
64.78
64.81
64.75
64.56
64.59
64.56
64.59
64.53
64.50
64.50
64.56
64.29
64.32
64.29
64.32
64.32
64.32
64.38
64.08
64.11
64.08
64.05
64.05
64.08
64.08
63.80
63.86
63.89
63.83
63.83
63.86
63.86
63.80
63.62
63.59
63.53
63.62
63.56
63.62
63.56
63.62
63.59
63.35
63.35
63.35
63.35
63.32
63.32
63.35
63.32
63.29
63.35
63.17
63.10
63.17
63.13
63.07
63.10
63.10
63.13
63.10
63.10
63.13
63.10
63.10
63.07
63.10
62.86
62.89
62.86
62.92
62.86
62.83
62.83
62.89
62.89
62.89
62.86
62.89
62.83
62.83
62.89
62.86
62.92
62.86
62.86
62.86
62.86
62.89
62.92
62.92
62.89
62.68
62.68
62.68
62.65
62.68
62.62
62.71
62.65
62.65
62.68
62.68
62.62
62.71
62.65
62.65
62.38
62.47
62.38
62.41
62.44
62.41
62.41
62.41
62.44
62.41
62.34
62.41
62.19
62.16
62.16
62.19
62.13
62.19
62.19
62.13
62.16
62.01
61.98
61.89
61.95
61.95
61.95
61.68
61.71
61.65
61.71
61.68
61.68
61.68
61.46
61.40
61.43
61.43
61.43
61.43
61.43
61.19
61.19
61.25
61.22
61.22
61.22
61.19
60.92
60.95
61.01
60.95
60.92
61.04
61.01
60.98
60.80
60.80
60.76
60.80
60.76
60.73
60.73
60.73
60.52
60.49
60.52
60.52
60.46
60.46
60.25
60.25
60.28
60.31
60.25
60.25
60.10
60.01
60.07
60.04
60.04
60.01
59.79
59.79
59.79
59.73
59.79
59.52
59.52
59.55
59.58
59.28
59.34
59.25
59.34
59.09
59.03
59.09
59.12
58.85
58.82
58.82
58.88
58.88
58.58
58.61
58.61
58.61
58.36
58.36
58.43
58.36
58.18
58.18
58.12
58.09
58.15
57.85
57.91
57.88
57.88
57.85
57.94
57.88
57.85
57.91
57.91
57.91
57.88
57.88
57.88
57.88
58.24
58.18
58.12
58.33
58.33
58.64
58.61
58.82
59.09
59.03
59.37
59.52
59.73
60.25
60.52
60.73
61.22
61.71
61.95
62.44
62.92
63.38
63.83
64.59
65.05
65.72
66.23
66.99
67.69
68.36
69.09
69.82
70.52
71.43
72.19
73.13
74.04
74.77
75.77
76.69
77.63
78.60
79.69
80.67
81.67
82.85
83.77
84.98
85.89
87.11
88.32
89.30
90.39
91.64
92.76
93.98
95.13
96.38
97.56
98.72
99.93
101.12
102.30
103.49
104.61
105.64
106.80
108.01
109.11
110.11
111.39
112.51
113.45
114.58
115.55
116.70
117.71
118.62
119.62
120.56
121.47
122.41
123.36
124.33
125.33
126.03
127.03
127.64
128.67
129.34
130.13
130.83
131.50
132.20
132.93
133.41
134.14
134.57
135.30
135.78
136.27
136.79
137.21
137.61
137.97
138.40
138.58
139.07
139.34
139.58
139.76
139.98
140.25
140.49
140.80
140.80
141.01
141.01
141.19
141.31
141.25
141.19
141.25
141.19
141.28
141.25
141.22
141.19
140.98
141.04
140.95
140.77
140.74
140.55
140.52
140.22
140.10
140.07
139.86
139.55
139.28
139.07
139.07
138.85
138.58
138.40
138.18
137.88
137.64
137.49
137.18
137.00
136.76
136.51
136.27
136.00
135.81
135.27
135.05
134.87
134.54
134.36
134.17
133.84
133.87
133.60
133.41
133.11
132.93
132.68
132.47
132.20
132.02
131.96
131.74
131.50
131.29
131.23
130.98
130.80
130.83
130.53
130.62
130.31
130.07
130.13
129.83
129.80
129.62
129.56
129.34
129.37
129.16
129.13
129.16
128.92
128.92
128.92
128.67
128.61
128.70
128.67
128.67
128.43
128.43
128.43
128.43
128.40
128.40
128.43
128.13
128.19
128.16
128.13
128.16
128.22
128.19
128.16
128.19
128.13
128.19
128.13
128.13
128.19
128.16
128.19
128.16
128.13
128.40
128.43
128.43
128.46
128.40
128.40
128.43
128.46
128.46
128.43
128.40
128.37
128.43
128.46
128.43
128.37
128.43
128.73
128.67
128.70
128.67
128.73
128.70
128.70
128.67
128.70
128.70
128.64
128.67
128.67
128.64
128.58
128.70
128.67
128.70
128.70
128.43
128.40
128.37
128.43
128.37
128.43
128.43
128.40
128.46
128.22
128.16
128.16
128.19
127.94
127.88
127.91
127.98
127.73
127.70
127.46
127.49
127.46
127.22
127.25
127.00
126.97
126.73
126.49
126.52
126.27
126.30
126.00
125.79
125.54
125.54
125.36
125.12
124.88
124.60
124.30
124.06
123.87
123.66
123.42
123.14
122.90
122.75
122.20
121.99
121.72
121.26
121.02
120.77
120.32
119.80
119.59
119.13
118.65
118.43
117.92
117.49
117.07
116.52
116.09
115.55
115.06
114.64
113.91
113.39
112.97
112.45
111.81
111.35
110.81
110.11
109.65
108.92
108.41
107.74
107.25
106.52
105.89
105.28
104.67
104.21
103.76
102.94
102.51
101.84
101.27
100.84
100.17
99.66
99.20
98.44
98.05
97.53
97.07
96.62
96.13
95.62
95.19
94.67
94.22
93.98
93.46
93.03
92.76
92.30
92.09
91.88
91.36
91.12
90.91
90.66
90.45
90.15
89.90
89.69
89.45
89.54
89.27
89.02
88.99
88.75
88.84
88.54
88.54
88.48
88.57
88.54
88.29
88.26
88.26
88.32
88.32
88.54
88.51
88.57
88.60
88.51
88.78
88.75
88.75
89.02
89.05
88.96
89.24
89.24
89.51
89.48
89.60
89.90
89.93
90.15
90.15
90.45
90.42
90.66
90.91
90.94
91.12
91.12
91.30
91.61
91.67
91.79
91.82
92.09
92.09
92.40
92.61
92.58
92.82
92.82
93.06
92.97
93.03
93.28
93.31
93.49
93.49
93.43
93.70
93.76
93.76
93.94
93.94
93.94
93.98
94.01
94.01
93.94
94.22
94.25
94.19
94.22
94.22
94.25
93.94
93.94
93.94
93.91
93.98
93.98
93.76
93.73
93.73
93.73
93.46
93.49
93.22
93.31
93.28
93.03
93.06
92.79
92.82
92.58
92.58
92.33
92.06
92.09
91.82
91.85
91.61
91.42
91.36
91.15
90.91
90.88
90.66
90.45
90.45
90.15
89.99
89.69
89.72
89.45
89.20
88.99
88.99
88.72
88.57
88.29
88.29
88.05
87.84
87.59
87.35
87.32
87.11
86.90
86.62
86.62
86.38
86.20
86.11
85.95
85.62
85.41
85.47
85.22
84.95
84.98
84.80
84.74
84.46
84.22
84.22
84.04
84.01
83.80
83.58
83.52
83.31
83.34
83.07
83.07
82.85
82.79
82.58
82.61
82.34
82.31
82.09
82.16
81.91
81.91
81.85
81.67
81.64
81.40
81.46
81.40
81.21
81.15
81.12
80.94
80.91
80.70
80.67
80.64
80.45
80.42
80.42
80.24
80.24
80.27
79.94
80.00
80.00
79.79
79.69
79.76
79.54
79.51
79.54
79.30
79.27
79.30
79.09
79.03
79.09
78.78
78.78
78.75
78.51
78.60
78.54
78.36
78.33
78.30
78.05
78.05
77.84
77.90
77.87
77.66
77.60
77.66
77.48
77.42
77.17
77.08
77.14
76.96
76.84
76.84
76.63
76.63
76.66
76.41
76.41
76.20
76.20
76.20
75.93
75.99
75.96
75.71
75.71
75.68
75.47
75.50
75.53
75.26
75.20
75.23
74.98
75.02
74.98
74.77
74.74
74.74
74.50
74.50
74.53
74.56
74.26
74.29
74.29
74.07
74.07
74.10
74.01
74.01
73.89
73.77
73.80
73.80
73.53
73.59
73.65
73.62
73.62
73.31
73.31
73.37
73.31
73.40
73.31
73.13
73.10
73.10
73.13
73.13
73.13
72.89
72.86
72.89
72.89
72.86
72.83
72.95
72.86
72.65
72.65
72.65
72.68
72.65
72.65
72.65
72.61
72.61
72.68
72.58
72.61
72.37
72.43
72.34
72.40
72.40
72.40
72.40
72.40
72.37
72.40
72.37
72.16
72.16
72.19
72.22
72.16
72.16
72.16
72.10
72.16
72.13
72.16
72.19
72.16
71.92
72.01
71.98
71.92
71.86
71.95
71.92
71.89
71.92
71.95
72.01
71.89
71.64
71.67
71.70
71.64
71.67
71.70
71.64
71.67
71.49
71.43
71.46
71.43
71.43
71.43
71.46
71.19
71.19
71.19
71.19
71.19
71.19
70.94
70.94
70.94
70.91
70.97
70.97
70.73
70.76
70.79
70.73
70.46
70.49
70.46
70.49
70.49
70.28
70.31
70.28
70.31
70.28
69.97
70.03
70.03
70.03
69.82
69.79
69.85
69.79
69.52
69.49
69.55
69.55
69.30
69.30
69.27
69.33
69.06
69.00
69.06
68.85
68.82
68.82
68.85
68.57
68.60
68.60
68.39
68.39
68.30
68.36
68.12
68.12
68.06
68.15
67.91
67.87
67.91
67.66
67.66
67.63
67.66
67.39
67.39
67.39
67.45
67.15
67.18
67.18
67.15
67.15
66.96
66.96
66.87
66.93
66.72
66.69
66.75
66.66
66.72
66.48
66.42
66.51
66.48
66.48
66.48
66.26
66.23
66.23
66.20
66.26
66.23
65.99
66.02
65.99
65.99
65.96
65.99
65.99
65.75
65.69
65.72
65.81
65.78
65.75
65.75
65.72
65.75
65.78
65.78
65.47
65.47
65.54
65.50
65.50
65.47
65.47
65.47
65.47
65.57
65.29
65.26
65.23
65.29
65.29
65.20
65.26
65.23
65.23
65.23
65.23
65.23
65.29
65.29
65.29
65.26
65.02
65.02
64.99
65.08
64.99
64.99
65.05
65.05
64.99
64.99
65.02
65.08
64.99
64.78
64.71
64.75
64.87
64.84
64.78
64.81
64.84
64.75
64.81
64.78
64.56
64.56
64.53
64.59
64.59
64.47
64.56
64.62
64.56
64.59
64.29
64.35
64.38
64.35
64.29
64.32
64.38
64.32
64.35
64.32
64.08
64.08
64.11
64.11
64.08
64.05
64.11
64.08
64.08
63.83
63.86
63.89
63.86
63.83
63.83
63.83
63.59
63.56
63.56
63.53
63.59
63.62
63.56
63.35
63.38
63.29
63.35
63.41
63.35
63.41
63.32
63.07
63.10
63.10
63.04
63.10
63.13
63.10
63.07
63.13
62.92
62.92
62.86
62.92
62.86
62.92
62.83
62.83
62.68
62.71
62.68
62.68
62.65
62.65
62.65
62.65
62.68
62.65
62.68
62.59
62.62
62.65
62.44
62.44
62.44
62.38
62.41
62.34
62.38
62.38
62.38
62.41
62.44
62.44
62.44
62.47
62.38
62.38
62.44
62.41
62.44
62.41
62.44
62.41
62.41
62.41
62.38
62.44
62.47
62.44
62.41
62.44
62.38
62.41
62.41
62.44
62.38
62.41
62.16
62.16
62.19
62.19
62.13
62.22
62.19
62.13
62.22
62.19
62.16
62.22
62.19
62.16
62.13
62.19
62.13
62.16
61.92
61.95
61.92
61.92
61.98
61.95
61.95
61.98
61.92
61.71
61.68
61.68
61.71
61.74
61.65
61.68
61.40
61.49
61.46
61.37
61.46
61.49
61.19
61.19
61.16
61.19
61.22
61.16
61.19
61.01
60.95
60.98
60.95
61.01
61.01
60.98
60.70
60.73
60.73
60.73
60.70
60.73
60.80
60.52
60.52
60.55
60.52
60.52
60.49
60.52
60.46
60.31
60.25
60.31
60.22
60.25
60.34
60.22
60.07
60.07
60.04
60.07
60.10
60.07
60.04
59.79
59.79
59.73
59.76
59.79
59.82
59.52
59.55
59.52
59.52
59.49
59.31
59.31
59.31
59.28
59.28
59.06
59.12
59.12
59.06
58.82
58.88
58.85
58.55
58.58
58.58
58.64
58.36
58.30
58.36
58.36
58.18
58.15
58.15
58.15
58.12
57.88
57.88
57.91
57.85
57.70
57.73
57.67
57.60
57.64
57.64
57.39
57.39
57.36
57.39
57.48
57.45
57.39
57.36
57.42
57.45
57.64
57.67
57.70
57.70
57.91
57.91
58.09
58.33
58.39
58.55
58.85
59.09
59.28
59.49
59.76
60.28
60.52
60.98
61.22
61.71
62.19
62.59
63.10
63.50
64.32
64.75
65.54
66.26
66.93
67.36
68.39
69.06
69.79
70.52
71.40
72.16
73.16
74.04
74.98
75.77
76.93
77.87
78.84
79.79
80.64
81.94
82.85
84.01
84.98
86.17
87.38
88.29
89.45
90.66
91.82
93.03
94.22
95.40
96.59
97.77
98.99
100.17
101.33
102.48
103.70
104.64
105.86
107.04
108.26
109.44
110.32
111.48
112.45
113.63
114.61
115.82
116.73
117.95
118.89
119.80
120.80
121.75
122.72
123.63
124.63
125.30
126.27
127.03
127.94
128.70
129.37
130.35
131.01
131.47
132.26
132.96
133.69
134.11
134.81
135.30
135.75
136.30
136.70
137.21
137.61
138.15
138.40
138.88
139.10
139.31
139.52
139.83
140.10
140.31
140.52
140.77
140.77
141.01
141.01
141.01
141.22
141.22
141.19
141.31
141.25
141.22
141.22
141.22
140.95
141.01
141.01
140.77
140.74
140.55
140.58
140.31
140.07
140.13
139.83
139.55
139.31
139.07
139.07
138.88
138.61
138.40
138.21
137.94
137.70
137.39
137.15
136.91
136.73
136.51
136.30
136.03
135.54
135.27
135.05
134.87
134.60
134.33
134.14
133.90
133.69
133.41
133.11
133.14
132.99
132.72
132.50
132.26
131.96
131.74
131.71
131.53
131.23
131.04
130.80
130.80
130.53
130.28
130.35
130.04
129.92
129.83
129.59
129.62
129.37
129.37
129.13
129.16
128.89
128.95
128.95
128.64
128.67
128.67
128.46
128.43
128.37
128.43
128.19
128.16
128.22
128.19
128.16
127.91
127.94
127.94
127.88
127.94
127.98
127.94
127.98
127.85
127.94
127.91
127.94
127.94
127.94
127.98
127.94
127.94
128.01
127.94
127.94
127.94
127.94
127.98
127.91
127.94
127.91
127.91
128.01
127.94
127.91
127.98
128.19
128.16
128.22
128.19
128.22
128.16
128.19
128.16
128.16
128.13
128.16
128.19
128.13
128.19
128.16
128.13
128.19
128.22
128.19
128.16
128.16
128.16
128.16
128.19
128.22
128.16
128.22
128.16
128.22
128.19
128.13
128.13
128.19
127.94
127.98
127.94
127.91
127.98
127.76
127.70
127.70
127.70
127.49
127.49
127.43
127.25
127.31
127.03
127.00
127.00
126.76
126.79
126.55
126.49
126.30
126.00
126.06
125.76
125.54
125.54
125.30
125.09
124.85
124.66
124.36
124.12
123.84
123.63
123.45
123.14
122.96
122.69
122.51
121.99
121.75
121.50
121.08
120.83
120.53
120.11
119.89
119.35
118.92
118.68
118.19
117.67
117.22
116.76
116.28
115.79
115.34
114.88
114.36
113.91
113.18
112.66
112.24
111.48
111.05
110.60
109.90
109.44
108.68
108.23
107.56
107.01
106.34
105.79
105.10
104.67
104.00
103.49
102.97
102.30
101.78
101.33
100.57
100.17
99.63
99.17
98.68
98.26
97.53
97.01
96.62
96.38
95.86
95.40
94.92
94.52
94.19
93.73
93.46
93.06
92.79
92.40
92.06
91.85
91.67
91.36
91.15
90.91
90.69
90.45
90.24
89.90
89.90
89.72
89.45
89.51
89.30
89.24
89.27
89.02
88.96
88.99
88.99
89.05
88.81
88.78
88.75
88.99
89.05
88.93
88.99
89.05
88.99
89.30
89.24
89.20
89.51
89.48
89.48
89.69
89.60
89.96
89.93
90.15
90.18
90.42
90.42
90.69
90.69
90.91
91.12
91.12
91.33
91.36
91.61
91.61
91.82
91.85
92.09
92.33
92.30
92.58
92.61
92.76
92.76
92.79
93.06
93.06
93.31
93.28
93.25
93.52
93.52
93.49
93.73
93.73
93.79
93.91
93.94
94.01
93.98
93.94
93.98
93.94
93.98
93.94
93.94
93.98
94.01
93.94
93.98
93.98
93.98
93.98
93.94
93.73
93.73
93.73
93.73
93.49
93.49
93.46
93.25
93.31
93.03
93.12
93.00
92.82
92.73
92.55
92.64
92.33
92.30
92.12
92.03
91.85
91.61
91.57
91.36
91.36
91.15
90.91
90.91
90.69
90.48
90.15
90.15
89.96
89.75
89.72
89.51
89.20
89.05
88.99
88.81
88.51
88.32
88.29
88.08
87.78
87.56
87.56
87.35
87.23
86.90
86.87
86.68
86.38
86.11
86.11
85.89
85.71
85.71
85.47
85.19
85.19
84.98
84.95
84.77
84.46
84.53
84.25
84.22
84.04
84.10
83.80
83.58
83.52
83.40
83.31
83.07
83.10
82.85
82.85
82.58
82.55
82.58
82.34
82.31
82.13
82.13
82.09
81.85
81.91
81.88
81.64
81.64
81.40
81.43
81.49
81.15
81.15
81.21
80.94
80.91
80.91
80.76
80.67
80.48
80.45
80.45
80.18
80.24
80.21
79.88
80.00
80.00
79.79
79.76
79.79
79.48
79.48
79.48
79.27
79.30
79.27
79.06
79.03
79.00
78.78
78.78
78.75
78.60
78.60
78.57
78.36
78.33
78.30
78.11
78.08
78.02
77.87
77.84
77.57
77.60
77.63
77.39
77.39
77.42
77.14
77.17
76.81
76.90
76.90
76.69
76.60
76.44
76.41
76.44
76.14
76.14
76.23
75.99
75.99
75.74
75.74
75.71
75.50
75.50
75.47
75.26
75.29
75.29
74.98
75.02
75.02
74.98
74.71
74.83
74.77
74.53
74.53
74.53
74.56
74.29
74.26
74.32
74.32
74.07
74.07
74.10
74.10
74.04
73.80
73.80
73.83
73.83
73.86
73.59
73.62
73.62
73.62
73.59
73.62
73.37
73.31
73.34
73.34
73.37
73.31
73.04
73.13
73.07
73.07
73.13
73.07
73.07
72.89
72.89
72.86
72.86
72.92
72.86
72.86
72.89
72.86
72.89
72.86
72.86
72.65
72.61
72.65
72.68
72.65
72.61
72.61
72.58
72.65
72.68
72.58
72.65
72.68
72.34
72.40
72.43
72.43
72.43
72.43
72.40
72.37
72.37
72.43
72.40
72.40
72.16
72.25
72.16
72.19
72.19
72.16
72.13
72.16
72.13
72.16
71.95
71.92
71.89
71.92
71.92
71.92
71.92
71.95
71.98
71.86
71.70
71.70
71.67
71.67
71.67
71.67
71.67
71.52
71.46
71.46
71.49
71.46
71.49
71.46
71.19
71.19
71.19
71.22
71.16
70.94
70.94
70.94
70.94
70.94
70.73
70.79
70.70
70.73
70.52
70.49
70.46
70.46
70.28
70.28
70.24
70.28
70.28
69.97
70.03
70.03
70.00
69.82
69.82
69.82
69.82
69.52
69.58
69.61
69.52
69.30
69.33
69.33
69.09
69.06
69.06
68.82
68.82
68.88
68.79
68.57
68.60
68.60
68.42
68.39
68.36
68.36
68.12
68.15
68.12
67.91
67.84
67.94
67.87
67.66
67.66
67.63
67.63
67.69
67.39
67.42
67.36
67.39
67.18
67.18
67.15
67.18
66.96
66.93
66.96
66.96
66.72
66.69
66.69
66.75
66.69
66.69
66.51
66.48
66.51
66.48
66.54
66.45
66.45
66.26
66.20
66.29
66.20
66.23
66.23
66.20
65.96
66.02
66.02
65.96
65.99
65.99
65.99
66.02
65.96
65.99
65.81
65.78
65.72
65.75
65.75
65.75
65.72
65.78
65.72
65.78
65.75
65.75
65.78
65.81
65.50
65.50
65.57
65.47
65.54
65.57
65.50
65.47
65.50
65.50
65.54
65.47
65.50
65.44
65.47
65.26
65.23
65.23
65.32
65.23
65.23
65.29
65.23
65.23
65.23
65.29
65.23
65.29
65.26
65.26
65.08
64.99
65.05
65.02
65.02
65.05
65.02
65.05
65.08
65.05
65.05
64.84
64.81
64.81
64.81
64.78
64.81
64.81
64.81
64.81
64.84
64.81
64.56
64.62
64.56
64.56
64.59
64.56
64.56
64.56
64.35
64.32
64.35
64.29
64.35
64.29
64.35
64.35
64.02
64.14
64.08
64.14
64.11
64.08
63.86
63.83
63.83
63.80
63.86
63.83
63.59
63.56
63.59
63.53
63.62
63.32
63.38
63.32
63.41
63.41
63.07
63.07
63.13
63.13
63.10
63.13
63.13
62.89
62.89
62.89
62.89
62.89
62.89
62.89
62.65
62.68
62.65
62.65
62.62
62.62
62.65
62.59
62.41
62.41
62.44
62.41
62.38
62.44
62.44
62.38
62.38
62.41
62.38
62.19
62.19
62.22
62.19
62.13
62.16
62.22
62.19
62.16
62.22
62.19
62.19
62.22
62.16
62.22
62.19
62.19
62.19
62.10
62.16
62.19
62.22
62.19
62.16
62.19
62.19
62.16
62.16
62.19
62.19
62.19
62.16
62.13
62.16
62.16
62.13
62.16
62.19
62.10
62.16
62.16
62.19
62.16
62.19
62.13
62.19
62.19
62.16
62.13
62.19
62.25
62.19
62.19
62.16
62.19
62.22
62.16
62.22
62.19
62.13
62.22
62.16
61.98
61.95
61.95
61.95
61.98
61.98
61.95
61.92
62.01
61.89
61.98
61.71
61.68
61.65
61.65
61.74
61.71
61.65
61.71
61.59
61.49
61.46
61.40
61.43
61.52
61.46
61.43
61.49
61.28
61.22
61.22
61.25
61.16
61.22
61.19
60.95
60.98
60.98
60.95
60.95
61.04
61.01
60.76
60.73
60.73
60.76
60.76
60.76
60.76
60.73
60.55
60.52
60.49
60.55
60.46
60.52
60.25
60.28
60.31
60.25
60.34
60.31
60.04
60.07
60.01
60.01
60.04
59.70
59.82
59.76
59.79
59.76
59.49
59.58
59.55
59.55
59.58
59.34
59.37
59.28
59.37
59.09
59.12
59.09
59.09
58.88
58.88
58.79
58.82
58.64
58.61
58.61
58.64
58.36
58.33
58.36
58.33
58.36
58.21
58.12
58.12
58.18
57.88
57.91
57.88
57.91
57.70
57.67
57.64
57.60
57.67
57.39
57.39
57.39
57.42
57.39
57.45
57.36
57.45
57.39
57.39
57.36
57.45
